TITLE	m/z	Fragment1	Fragment2	Theoretical Mass	Actual Mass	Charge
CL_SITE_SEQ_1	CL_SITE_SEQ_2	SCORE
Zybaylov_031413_01_HC.1713.1713.4 File:"Zybaylov_031413_01_HC.raw", NativeID:"controllerType=0 contr	1013.245117187500000	NGkk	IPICLSKEQESIIKLAENGHNIFYTGSAGTGK	4048.948725	4048.94921875	4.0000000000000
		3	0	0
		3	1	0
		3	10	0
		3	11	0
		3	12	0
		3	13	0
		3	14	0
		3	15	0
		3	16	0
		3	17	0
		3	18	0
		3	19	0
		3	2	0
		3	20	0
		3	21	0
		3	22	0
		3	23	0
		3	24	0
		3	25	0
		3	26	0
		3	27	0
		3	28	0
		3	29	0
		3	3	0
		3	30	0
		3	31	0
		3	4	0
		3	5	0
		3	6	0
		3	7	0
		3	8	0
		3	9	0
Zybaylov_031413_01_HC.298.298.4 File:"Zybaylov_031413_01_HC.raw", NativeID:"controllerType=0 control	900.989990234375000	GTTLSLVQkDINLLkNGkk	EMIKVLKGIYGR	3599.946375	3599.9287109375	4.0000000000000
		15	0	0
		15	1	0
		15	10	0
		15	11	0
		15	2	0
		15	3	0
		15	4	0
		15	5	0
		15	6	0
		15	7	0
		15	8	0
		15	9	0
		18	0	0
		18	1	0
		18	10	0
		18	11	0
		18	2	0
		18	3	0
		18	4	0
		18	5	0
		18	6	0
		18	7	0
		18	8	0
		18	9	0
		9	0	0
		9	1	0
		9	10	0
		9	11	0
		9	2	0
		9	3	0
		9	4	0
		9	5	0
		9	6	0
		9	7	0
		9	8	0
		9	9	0
Zybaylov_031413_01_HC.1350.1350.4 File:"Zybaylov_031413_01_HC.raw", NativeID:"controllerType=0 contr	649.823059082031250	DDGSkGTTLSLVQk	GDADKLYKK	2595.262605	2595.26098632812	4.0000000000000
		5	0	0.0789473684210526
		5	1	0.0789473684210526
		5	2	0.0789473684210526
		5	3	0.0789473684210526
		5	4	0.0789473684210526
		5	5	0.0789473684210526
		5	6	0.0789473684210526
		5	7	0.0789473684210526
		5	8	0.0526315789473684
Zybaylov_031413_01_HC.1351.1351.4 File:"Zybaylov_031413_01_HC.raw", NativeID:"controllerType=0 contr	649.823059082031250	DDGSkGTTLSLVQk	GDADKLYKK	2595.262605	2595.26098632812	4.0000000000000
		5	0	0.0526315789473684
		5	1	0.0526315789473684
		5	2	0.0526315789473684
		5	3	0.0526315789473684
		5	4	0.0526315789473684
		5	5	0.0526315789473684
		5	6	0.0526315789473684
		5	7	0.0526315789473684
		5	8	0.0526315789473684
Zybaylov_031413_01_HC.2147.2147.5 File:"Zybaylov_031413_01_HC.raw", NativeID:"controllerType=0 contr	727.723083496093750	NGkkLEDAEGQENAASSELEHHHHHH	KVRR	3633.58226	3633.576171875	5.0000000000000
		3	0	0.0192307692307692
		3	1	0.0192307692307692
		3	2	0.0192307692307692
		3	3	0.0192307692307692
		4	0	0.0192307692307692
		4	1	0.0192307692307692
		4	2	0.0192307692307692
		4	3	0.0192307692307692
Zybaylov_031413_01_HC.1983.1983.5 File:"Zybaylov_031413_01_HC.raw", NativeID:"controllerType=0 contr	727.725952148437500	NGkkLEDAEGQENAASSELEHHHHHH	KVRR	3633.58226	3633.59057617188	5.0000000000000
		3	0	0
		3	1	0
		3	2	0
		3	3	0
		4	0	0
		4	1	0
		4	2	0
		4	3	0
Zybaylov_031413_01_HC.2164.2164.5 File:"Zybaylov_031413_01_HC.raw", NativeID:"controllerType=0 contr	730.729980468750000	mDFSkMSIVGRIGSEFTEHTSA%NNR	KVRR	3648.611595	3648.61083984375	5.0000000000000
		1	0	0
		1	1	0
		1	2	0
		1	3	0
		5	0	0
		5	1	0
		5	2	0
		5	3	0
Zybaylov_031413_01_HC.2164.2164.5 File:"Zybaylov_031413_01_HC.raw", NativeID:"controllerType=0 contr	730.729980468750000	mDFSkMSIVGRIGSEFTEHTSAN%NR	KVRR	3648.611595	3648.61083984375	5.0000000000000
		1	0	0
		1	1	0
		1	2	0
		1	3	0
		5	0	0
		5	1	0
		5	2	0
		5	3	0
Zybaylov_031413_01_HC.2164.2164.5 File:"Zybaylov_031413_01_HC.raw", NativeID:"controllerType=0 contr	730.729980468750000	mDFSkMSIVGRIGSEFTEHTSANN%R	KVRR	3648.611595	3648.61083984375	5.0000000000000
		1	0	0
		1	1	0
		1	2	0
		1	3	0
		5	0	0
		5	1	0
		5	2	0
		5	3	0
Zybaylov_031413_01_HC.1983.1983.5 File:"Zybaylov_031413_01_HC.raw", NativeID:"controllerType=0 contr	727.725952148437500	mDFSk$SIVGRIGSEFTEHTSA%%NR	KVRR	3633.600685	3633.59057617188	5.0000000000000
		1	0	0.0384615384615385
		1	1	0.0384615384615385
		1	2	0.0384615384615385
		1	3	0.0384615384615385
		5	0	0.0384615384615385
		5	1	0.0384615384615385
		5	2	0.0384615384615385
		5	3	0.0384615384615385
Zybaylov_031413_01_HC.1983.1983.5 File:"Zybaylov_031413_01_HC.raw", NativeID:"controllerType=0 contr	727.725952148437500	mDFSk$SIVGRIGSEFTEHTSA%N%R	KVRR	3633.600685	3633.59057617188	5.0000000000000
		1	0	0.0384615384615385
		1	1	0.0384615384615385
		1	2	0.0384615384615385
		1	3	0.0384615384615385
		5	0	0.0384615384615385
		5	1	0.0384615384615385
		5	2	0.0384615384615385
		5	3	0.0384615384615385
Zybaylov_031413_01_HC.1983.1983.5 File:"Zybaylov_031413_01_HC.raw", NativeID:"controllerType=0 contr	727.725952148437500	mDFSk$SIVGRIGSEFTEHTSAN%%R	KVRR	3633.600685	3633.59057617188	5.0000000000000
		1	0	0.0384615384615385
		1	1	0.0384615384615385
		1	2	0.0384615384615385
		1	3	0.0384615384615385
		5	0	0.0384615384615385
		5	1	0.0384615384615385
		5	2	0.0384615384615385
		5	3	0.0384615384615385
Zybaylov_031413_01_HC.1829.1829.5 File:"Zybaylov_031413_01_HC.raw", NativeID:"controllerType=0 contr	730.929992675781250	mDFSkMSIVGRIGSEFTEHTSA%%NR	KVRR	3649.595595	3649.61083984375	5.0000000000000
		1	0	0.0384615384615385
		1	1	0.0384615384615385
		1	2	0.0384615384615385
		1	3	0.0192307692307692
		5	0	0.0192307692307692
		5	1	0.0192307692307692
		5	2	0.0192307692307692
		5	3	0
Zybaylov_031413_01_HC.1829.1829.5 File:"Zybaylov_031413_01_HC.raw", NativeID:"controllerType=0 contr	730.929992675781250	mDFSkMSIVGRIGSEFTEHTSA%N%R	KVRR	3649.595595	3649.61083984375	5.0000000000000
		1	0	0.0384615384615385
		1	1	0.0384615384615385
		1	2	0.0384615384615385
		1	3	0.0192307692307692
		5	0	0.0192307692307692
		5	1	0.0192307692307692
		5	2	0.0192307692307692
		5	3	0
Zybaylov_031413_01_HC.1829.1829.5 File:"Zybaylov_031413_01_HC.raw", NativeID:"controllerType=0 contr	730.929992675781250	mDFSkMSIVGRIGSEFTEHTSAN%%R	KVRR	3649.595595	3649.61083984375	5.0000000000000
		1	0	0.0384615384615385
		1	1	0.0384615384615385
		1	2	0.0384615384615385
		1	3	0.0192307692307692
		5	0	0.0192307692307692
		5	1	0.0192307692307692
		5	2	0.0192307692307692
		5	3	0
Zybaylov_031413_01_HC.2173.2173.5 File:"Zybaylov_031413_01_HC.raw", NativeID:"controllerType=0 contr	725.520019531250000	mDFSk$SIVGRIGSEFTEHTSA%%%R	RSRK	3622.548295	3622.56079101562	5.0000000000000
		1	0	0
		1	1	0
		1	2	0
		1	3	0
		5	0	0
		5	1	0
		5	2	0
		5	3	0
Zybaylov_031413_01_HC.2158.2158.6 File:"Zybaylov_031413_01_HC.raw", NativeID:"controllerType=0 contr	632.280029296875000	NGkkLEDAEGQENAASSELEHHHHHH	KHLRR	3787.647925	3787.63305664062	6.0000000000000
		3	0	0
		3	1	0
		3	2	0
		3	3	0
		3	4	0
		4	0	0
		4	1	0
		4	2	0
		4	3	0
		4	4	0
Zybaylov_031413_01_HC.2162.2162.6 File:"Zybaylov_031413_01_HC.raw", NativeID:"controllerType=0 contr	606.775268554687500	mDFSkMSIVGRIGSEFTEHTSA%%%R	KIRK	3634.595025	3634.60473632812	6.0000000000000
		1	0	0
		1	1	0
		1	2	0
		1	3	0
		5	0	0
		5	1	0
		5	2	0
		5	3	0
Zybaylov_031413_01_HC.1110.1110.4 File:"Zybaylov_031413_01_HC.raw", NativeID:"controllerType=0 contr	782.390014648437500	YLkYSIASQPRR	FAFESKAWKEGVK	3125.539715	3125.52880859375	4.0000000000000
		3	0	0
		3	1	0
		3	10	0
		3	11	0
		3	12	0
		3	2	0
		3	3	0
		3	4	0
		3	5	0
		3	6	0
		3	7	0
		3	8	0
		3	9	0
Zybaylov_031413_01_HC.1766.1766.4 File:"Zybaylov_031413_01_HC.raw", NativeID:"controllerType=0 contr	1076.969970703125000	kLEDAEGQENAASSELEHHHHHH	FAFESKAWKEGVK	4303.836725	4303.8486328125	4.0000000000000
		1	0	0.015625
		1	1	0.015625
		1	10	0
		1	11	0
		1	12	0
		1	2	0.015625
		1	3	0.015625
		1	4	0
		1	5	0
		1	6	0
		1	7	0
		1	8	0
		1	9	0
Zybaylov_031413_01_HC.1474.1474.4 File:"Zybaylov_031413_01_HC.raw", NativeID:"controllerType=0 contr	839.934631347656250	GTTLSLVQkDINLLk	QRGDVKFIDMLNR	3355.716475	3355.70727539062	4.0000000000000
		9	0	0.0208333333333333
		9	1	0.0208333333333333
		9	10	0.0416666666666667
		9	11	0.0416666666666667
		9	12	0.0416666666666667
		9	2	0.0416666666666667
		9	3	0.0416666666666667
		9	4	0.0416666666666667
		9	5	0.0416666666666667
		9	6	0.0416666666666667
		9	7	0.0416666666666667
		9	8	0.0416666666666667
		9	9	0.0416666666666667
Zybaylov_031413_01_HC.1456.1456.4 File:"Zybaylov_031413_01_HC.raw", NativeID:"controllerType=0 contr	681.343139648437500	DINLLkNGk	QRGDVKFIDMLNR	2721.354665	2721.34130859375	4.0000000000000
		6	0	0
		6	1	0
		6	10	0
		6	11	0
		6	12	0
		6	2	0
		6	3	0
		6	4	0
		6	5	0
		6	6	0
		6	7	0
		6	8	0
		6	9	0
Zybaylov_031413_01_HC.1172.1172.4 File:"Zybaylov_031413_01_HC.raw", NativeID:"controllerType=0 contr	785.382141113281250	YLkYSIASQPRR	MEVERANNSRLSK	3137.50489	3137.49731445312	4.0000000000000
		3	0	0
		3	1	0
		3	10	0.0238095238095238
		3	11	0.0238095238095238
		3	12	0.0238095238095238
		3	2	0
		3	3	0
		3	4	0
		3	5	0
		3	6	0
		3	7	0
		3	8	0
		3	9	0.0238095238095238
Zybaylov_031413_01_HC.1228.1228.4 File:"Zybaylov_031413_01_HC.raw", NativeID:"controllerType=0 contr	785.383300781250000	YLkYSIASQPRR	MEVERANNSRLSK	3137.50489	3137.501953125	4.0000000000000
		3	0	0
		3	1	0
		3	10	0
		3	11	0
		3	12	0
		3	2	0
		3	3	0
		3	4	0
		3	5	0
		3	6	0
		3	7	0
		3	8	0
		3	9	0
Zybaylov_031413_01_HC.1114.1114.4 File:"Zybaylov_031413_01_HC.raw", NativeID:"controllerType=0 contr	785.384155273437500	YLkYSIASQPRR	MEVERANNSRLSK	3137.50489	3137.50537109375	4.0000000000000
		3	0	0
		3	1	0
		3	10	0
		3	11	0
		3	12	0
		3	2	0
		3	3	0
		3	4	0
		3	5	0
		3	6	0
		3	7	0
		3	8	0
		3	9	0
Zybaylov_031413_01_HC.1048.1048.4 File:"Zybaylov_031413_01_HC.raw", NativeID:"controllerType=0 contr	785.385070800781250	YLkYSIASQPRR	MEVERANNSRLSK	3137.50489	3137.50903320312	4.0000000000000
		3	0	0.0476190476190476
		3	1	0.0476190476190476
		3	10	0.0714285714285714
		3	11	0.0714285714285714
		3	12	0.0714285714285714
		3	2	0.0476190476190476
		3	3	0.0476190476190476
		3	4	0.0714285714285714
		3	5	0.0476190476190476
		3	6	0.0476190476190476
		3	7	0.0476190476190476
		3	8	0.0476190476190476
		3	9	0.0714285714285714
Zybaylov_031413_01_HC.1366.1366.4 File:"Zybaylov_031413_01_HC.raw", NativeID:"controllerType=0 contr	666.830017089843750	DINLLkNGk	MEVERANNSRLSK	2663.297535	2663.28881835937	4.0000000000000
		6	0	0.0277777777777778
		6	1	0.0277777777777778
		6	10	0.0277777777777778
		6	11	0.0277777777777778
		6	12	0.0277777777777778
		6	2	0.0277777777777778
		6	3	0.0277777777777778
		6	4	0.0277777777777778
		6	5	0.0277777777777778
		6	6	0.0277777777777778
		6	7	0.0277777777777778
		6	8	0.0277777777777778
		6	9	0.0277777777777778
Zybaylov_031413_01_HC.1928.1928.4 File:"Zybaylov_031413_01_HC.raw", NativeID:"controllerType=0 contr	1286.143066406250000	YLkYSIASQPR	LPGQVHIFNAIDGGALEDEELKERLLQNFLAPK	5140.52439	5140.541015625	4.0000000000000
		3	0	0
		3	1	0
		3	10	0
		3	11	0
		3	12	0
		3	13	0.0125
		3	14	0.0125
		3	15	0.0125
		3	16	0.0125
		3	17	0.0125
		3	18	0.0125
		3	19	0.0125
		3	2	0
		3	20	0.0125
		3	21	0.0125
		3	22	0.0125
		3	23	0.0125
		3	24	0.0125
		3	25	0.0125
		3	26	0.0125
		3	27	0.0125
		3	28	0.0125
		3	29	0.0125
		3	3	0
		3	30	0.0125
		3	31	0.0125
		3	32	0.0125
		3	4	0
		3	5	0
		3	6	0
		3	7	0
		3	8	0
		3	9	0
Zybaylov_031413_01_HC.1932.1932.4 File:"Zybaylov_031413_01_HC.raw", NativeID:"controllerType=0 contr	1286.143066406250000	YLkYSIASQPR	LPGQVHIFNAIDGGALEDEELKERLLQNFLAPK	5140.52439	5140.541015625	4.0000000000000
		3	0	0
		3	1	0
		3	10	0
		3	11	0
		3	12	0
		3	13	0
		3	14	0
		3	15	0
		3	16	0
		3	17	0
		3	18	0
		3	19	0
		3	2	0
		3	20	0
		3	21	0
		3	22	0
		3	23	0
		3	24	0
		3	25	0
		3	26	0
		3	27	0
		3	28	0
		3	29	0
		3	3	0
		3	30	0
		3	31	0
		3	32	0
		3	4	0
		3	5	0
		3	6	0
		3	7	0
		3	8	0
		3	9	0
Zybaylov_031413_01_HC.1014.1014.5 File:"Zybaylov_031413_01_HC.raw", NativeID:"controllerType=0 contr	546.050903320312500	NGkk	LKAAMEREQSDGEESAVASR	2725.225175	2725.21533203125	5.0000000000000
		3	0	0
		3	1	0
		3	10	0
		3	11	0
		3	12	0
		3	13	0
		3	14	0
		3	15	0
		3	16	0
		3	17	0
		3	18	0
		3	19	0
		3	2	0
		3	3	0
		3	4	0
		3	5	0
		3	6	0
		3	7	0
		3	8	0
		3	9	0
Zybaylov_031413_01_HC.1066.1066.4 File:"Zybaylov_031413_01_HC.raw", NativeID:"controllerType=0 contr	799.369995117187500	mDFSk	SDIGEPVSPLDSSVFDFMKRVK	3193.447835	3193.44873046875	4.0000000000000
		1	0	0.10248784402587
		1	1	0.10248784402587
		1	10	0.0807487135910872
		1	11	0.0807487135910872
		1	12	0.0807487135910872
		1	13	0.0807487135910872
		1	14	0.0807487135910872
		1	15	0.0807487135910872
		1	16	0.0807487135910872
		1	17	0.0807487135910872
		1	18	0.0807487135910872
		1	19	0.0807487135910872
		1	2	0.10248784402587
		1	20	0.0807487135910872
		1	21	0
		1	3	0.10248784402587
		1	4	0.10248784402587
		1	5	0.10248784402587
		1	6	0.10248784402587
		1	7	0.10248784402587
		1	8	0.10248784402587
		1	9	0.0807487135910872
Zybaylov_031413_01_HC.1760.1760.4 File:"Zybaylov_031413_01_HC.raw", NativeID:"controllerType=0 contr	1085.479980468750000	kLEDAEGQENAASSELEHHHHHH	TDDEVVLENIKRK	4337.874115	4337.888671875	4.0000000000000
		1	0	0.015625
		1	1	0.015625
		1	10	0.015625
		1	11	0.015625
		1	12	0.015625
		1	2	0.015625
		1	3	0.015625
		1	4	0.015625
		1	5	0.015625
		1	6	0.015625
		1	7	0.015625
		1	8	0.015625
		1	9	0.015625
Zybaylov_031413_01_HC.1550.1550.4 File:"Zybaylov_031413_01_HC.raw", NativeID:"controllerType=0 contr	1011.979309082031250	kGALVYVEADAANYVFER	EQLMQTIHQNSAGKRR	4043.87812	4043.88598632812	4.0000000000000
		1	0	0.0166666666666667
		1	1	0.0166666666666667
		1	10	0.0333333333333333
		1	11	0.0333333333333333
		1	12	0.0333333333333333
		1	13	0.0333333333333333
		1	14	0.0333333333333333
		1	15	0.0333333333333333
		1	2	0.0333333333333333
		1	3	0.0333333333333333
		1	4	0.0333333333333333
		1	5	0.0333333333333333
		1	6	0.0333333333333333
		1	7	0.0333333333333333
		1	8	0.0333333333333333
		1	9	0.0333333333333333
Zybaylov_031413_01_HC.1705.1705.4 File:"Zybaylov_031413_01_HC.raw", NativeID:"controllerType=0 contr	1011.980834960937500	kGALVYVEADAANYVFER	EQLMQTIHQNSAGKRR	4043.87812	4043.89208984375	4.0000000000000
		1	0	0
		1	1	0
		1	10	0
		1	11	0
		1	12	0
		1	13	0
		1	14	0
		1	15	0
		1	2	0
		1	3	0
		1	4	0
		1	5	0
		1	6	0
		1	7	0
		1	8	0
		1	9	0
Zybaylov_031413_01_HC.727.727.5 File:"Zybaylov_031413_01_HC.raw", NativeID:"controllerType=0 control	495.269989013671875	DDGSkGTTLSLVQk	RRLPLVR	2471.298635	2471.31079101562	5.0000000000000
		5	0	0.0588235294117647
		5	1	0.0588235294117647
		5	2	0.0294117647058824
		5	3	0.0294117647058824
		5	4	0.0294117647058824
		5	5	0.0294117647058824
		5	6	0.0294117647058824
Zybaylov_031413_01_HC.2051.2051.8 File:"Zybaylov_031413_01_HC.raw", NativeID:"controllerType=0 contr	519.260009765625000	IGSEFTEHTSANNNRYLkYSIASQPR	RLPLVRFK	4146.00524	4146.017578125	8.0000000000000
		18	0	0.0166666666666667
		18	1	0.0166666666666667
		18	2	0.0166666666666667
		18	3	0
		18	4	0
		18	5	0
		18	6	0
		18	7	0
Zybaylov_031413_01_HC.152.152.4 File:"Zybaylov_031413_01_HC.raw", NativeID:"controllerType=0 control	833.954162597656250	GTTLSLVQkDINLLk	SQGQTLPKVKVDLR	3331.79398	3331.78540039062	4.0000000000000
		9	0	0.02
		9	1	0.02
		9	10	0.02
		9	11	0.02
		9	12	0.02
		9	13	0.02
		9	2	0.02
		9	3	0.02
		9	4	0.02
		9	5	0.02
		9	6	0.02
		9	7	0.02
		9	8	0.02
		9	9	0.02
Zybaylov_031413_01_HC.213.213.4 File:"Zybaylov_031413_01_HC.raw", NativeID:"controllerType=0 control	833.956054687500000	GTTLSLVQkDINLLk	SQGQTLPKVKVDLR	3331.79398	3331.79296875	4.0000000000000
		9	0	0.02
		9	1	0.02
		9	10	0
		9	11	0
		9	12	0
		9	13	0
		9	2	0.02
		9	3	0.02
		9	4	0
		9	5	0
		9	6	0
		9	7	0
		9	8	0
		9	9	0
Zybaylov_031413_01_HC.1981.1981.5 File:"Zybaylov_031413_01_HC.raw", NativeID:"controllerType=0 contr	722.324462890625000	mDFSkMSIVGRIGSEFTEHTSA%%%R	LYKK	3606.57631	3606.58325195312	5.0000000000000
		1	0	0.0192307692307692
		1	1	0.0192307692307692
		1	2	0.0192307692307692
		1	3	0.0192307692307692
		5	0	0.0192307692307692
		5	1	0.0192307692307692
		5	2	0.0192307692307692
		5	3	0.0192307692307692
Zybaylov_031413_01_HC.2173.2173.5 File:"Zybaylov_031413_01_HC.raw", NativeID:"controllerType=0 contr	725.520019531250000	mDFSk$SIVGRIGSEFTEHTSA%%%R	LYKK	3622.57122	3622.56079101562	5.0000000000000
		1	0	0
		1	1	0
		1	2	0
		1	3	0
		5	0	0
		5	1	0
		5	2	0
		5	3	0
Zybaylov_031413_01_HC.2168.2168.5 File:"Zybaylov_031413_01_HC.raw", NativeID:"controllerType=0 contr	729.330017089843750	mDFSkMSIVGRIGSEFTEHTSANNNR	KHLR	3641.604	3641.61083984375	5.0000000000000
		1	0	0
		1	1	0
		1	2	0
		1	3	0
		5	0	0
		5	1	0
		5	2	0
		5	3	0
Zybaylov_031413_01_HC.2147.2147.5 File:"Zybaylov_031413_01_HC.raw", NativeID:"controllerType=0 contr	727.723083496093750	kLEDAEGQENAASSELEHHHHHH	LDFIARK	3633.568805	3633.576171875	5.0000000000000
		1	0	0
		1	1	0
		1	2	0
		1	3	0
		1	4	0
		1	5	0
		1	6	0
Zybaylov_031413_01_HC.1228.1228.4 File:"Zybaylov_031413_01_HC.raw", NativeID:"controllerType=0 contr	785.383300781250000	YLkYSIASQPRR	DPNRPTKFAFESK	3137.514105	3137.501953125	4.0000000000000
		3	0	0
		3	1	0
		3	10	0.0476190476190476
		3	11	0.0476190476190476
		3	12	0.0476190476190476
		3	2	0.0238095238095238
		3	3	0.0476190476190476
		3	4	0.0476190476190476
		3	5	0.0476190476190476
		3	6	0.0476190476190476
		3	7	0.0476190476190476
		3	8	0.0476190476190476
		3	9	0.0476190476190476
Zybaylov_031413_01_HC.1114.1114.4 File:"Zybaylov_031413_01_HC.raw", NativeID:"controllerType=0 contr	785.384155273437500	YLkYSIASQPRR	DPNRPTKFAFESK	3137.514105	3137.50537109375	4.0000000000000
		3	0	0
		3	1	0
		3	10	0.0476190476190476
		3	11	0.0476190476190476
		3	12	0.0476190476190476
		3	2	0.0238095238095238
		3	3	0.0238095238095238
		3	4	0.0238095238095238
		3	5	0.0238095238095238
		3	6	0.0238095238095238
		3	7	0.0238095238095238
		3	8	0.0476190476190476
		3	9	0.0476190476190476
Zybaylov_031413_01_HC.1048.1048.4 File:"Zybaylov_031413_01_HC.raw", NativeID:"controllerType=0 contr	785.385070800781250	YLkYSIASQPRR	DPNRPTKFAFESK	3137.514105	3137.50903320312	4.0000000000000
		3	0	0.0238095238095238
		3	1	0.0238095238095238
		3	10	0.0714285714285714
		3	11	0.0714285714285714
		3	12	0.0714285714285714
		3	2	0.0476190476190476
		3	3	0.0476190476190476
		3	4	0.0476190476190476
		3	5	0.0476190476190476
		3	6	0.0476190476190476
		3	7	0.0476190476190476
		3	8	0.0714285714285714
		3	9	0.0714285714285714
Zybaylov_031413_01_HC.1653.1653.4 File:"Zybaylov_031413_01_HC.raw", NativeID:"controllerType=0 contr	1086.480590820312500	mDFSkMSIVGRIGSEFTEHTSA%%%R	EGVKMTIML^K	4341.87706	4341.89111328125	4.0000000000000
		1	0	0.0303030303030303
		1	1	0.0303030303030303
		1	10	0.0454545454545455
		1	2	0.0303030303030303
		1	3	0.0303030303030303
		1	4	0.0303030303030303
		1	5	0.0303030303030303
		1	6	0.0303030303030303
		1	7	0.0303030303030303
		1	8	0.0454545454545455
		1	9	0.0454545454545455
		5	0	0.0454545454545455
		5	1	0.0454545454545455
		5	10	0.0606060606060606
		5	2	0.0454545454545455
		5	3	0.0454545454545455
		5	4	0.0454545454545455
		5	5	0.0454545454545455
		5	6	0.0454545454545455
		5	7	0.0454545454545455
		5	8	0.0606060606060606
		5	9	0.0606060606060606
Zybaylov_031413_01_HC.1654.1654.4 File:"Zybaylov_031413_01_HC.raw", NativeID:"controllerType=0 contr	1090.989990234375000	mDFSk$SIVGRIGSEFTEHTSANNNR	$TIMLQKVFR	4359.938415	4359.9287109375	4.0000000000000
		1	0	0
		1	1	0
		1	2	0
		1	3	0
		1	4	0
		1	5	0
		1	6	0
		1	7	0
		1	8	0
		1	9	0
		5	0	0
		5	1	0
		5	2	0
		5	3	0
		5	4	0
		5	5	0
		5	6	0
		5	7	0
		5	8	0
		5	9	0
Zybaylov_031413_01_HC.1654.1654.4 File:"Zybaylov_031413_01_HC.raw", NativeID:"controllerType=0 contr	1090.989990234375000	mDFSk$SIVGRIGSEFTEHTSANNNR	MTI$LQKVFR	4359.938415	4359.9287109375	4.0000000000000
		1	0	0
		1	1	0
		1	2	0
		1	3	0
		1	4	0
		1	5	0
		1	6	0
		1	7	0
		1	8	0
		1	9	0
		5	0	0
		5	1	0
		5	2	0
		5	3	0
		5	4	0
		5	5	0
		5	6	0
		5	7	0
		5	8	0
		5	9	0
Zybaylov_031413_01_HC.1654.1654.4 File:"Zybaylov_031413_01_HC.raw", NativeID:"controllerType=0 contr	1090.989990234375000	mDFSkMSIVGRIGSEFTEHTSANNNR	$TI$LQKVFR	4359.938415	4359.9287109375	4.0000000000000
		1	0	0
		1	1	0
		1	2	0
		1	3	0
		1	4	0
		1	5	0
		1	6	0
		1	7	0
		1	8	0
		1	9	0
		5	0	0
		5	1	0
		5	2	0
		5	3	0
		5	4	0
		5	5	0
		5	6	0
		5	7	0
		5	8	0
		5	9	0
Zybaylov_031413_01_HC.1724.1724.4 File:"Zybaylov_031413_01_HC.raw", NativeID:"controllerType=0 contr	1087.489990234375000	mDFSk$SIVGRIGSEFTEHTSA%NNR	MTIML^KVFR	4345.911505	4345.9287109375	4.0000000000000
		1	0	0
		1	1	0
		1	2	0
		1	3	0
		1	4	0
		1	5	0
		1	6	0
		1	7	0
		1	8	0
		1	9	0
		5	0	0
		5	1	0
		5	2	0
		5	3	0
		5	4	0
		5	5	0
		5	6	0
		5	7	0
		5	8	0
		5	9	0
Zybaylov_031413_01_HC.1724.1724.4 File:"Zybaylov_031413_01_HC.raw", NativeID:"controllerType=0 contr	1087.489990234375000	mDFSkMSIVGRIGSEFTEHTSA%NNR	$TIML^KVFR	4345.911505	4345.9287109375	4.0000000000000
		1	0	0.03125
		1	1	0.03125
		1	2	0.03125
		1	3	0.03125
		1	4	0.03125
		1	5	0.03125
		1	6	0.03125
		1	7	0.03125
		1	8	0.015625
		1	9	0.015625
		5	0	0.03125
		5	1	0.03125
		5	2	0.03125
		5	3	0.03125
		5	4	0.03125
		5	5	0.03125
		5	6	0.03125
		5	7	0.03125
		5	8	0.015625
		5	9	0.015625
Zybaylov_031413_01_HC.1724.1724.4 File:"Zybaylov_031413_01_HC.raw", NativeID:"controllerType=0 contr	1087.489990234375000	mDFSkMSIVGRIGSEFTEHTSA%NNR	MTI$L^KVFR	4345.911505	4345.9287109375	4.0000000000000
		1	0	0.03125
		1	1	0.03125
		1	2	0.03125
		1	3	0.03125
		1	4	0.03125
		1	5	0.03125
		1	6	0.03125
		1	7	0.03125
		1	8	0.015625
		1	9	0.015625
		5	0	0.03125
		5	1	0.03125
		5	2	0.03125
		5	3	0.03125
		5	4	0.03125
		5	5	0.03125
		5	6	0.03125
		5	7	0.03125
		5	8	0.015625
		5	9	0.015625
Zybaylov_031413_01_HC.1724.1724.4 File:"Zybaylov_031413_01_HC.raw", NativeID:"controllerType=0 contr	1087.489990234375000	mDFSk$SIVGRIGSEFTEHTSAN%NR	MTIML^KVFR	4345.911505	4345.9287109375	4.0000000000000
		1	0	0
		1	1	0
		1	2	0
		1	3	0
		1	4	0
		1	5	0
		1	6	0
		1	7	0
		1	8	0
		1	9	0
		5	0	0
		5	1	0
		5	2	0
		5	3	0
		5	4	0
		5	5	0
		5	6	0
		5	7	0
		5	8	0
		5	9	0
Zybaylov_031413_01_HC.1724.1724.4 File:"Zybaylov_031413_01_HC.raw", NativeID:"controllerType=0 contr	1087.489990234375000	mDFSkMSIVGRIGSEFTEHTSAN%NR	$TIML^KVFR	4345.911505	4345.9287109375	4.0000000000000
		1	0	0.03125
		1	1	0.03125
		1	2	0.03125
		1	3	0.03125
		1	4	0.03125
		1	5	0.03125
		1	6	0.03125
		1	7	0.03125
		1	8	0.015625
		1	9	0.015625
		5	0	0.03125
		5	1	0.03125
		5	2	0.03125
		5	3	0.03125
		5	4	0.03125
		5	5	0.03125
		5	6	0.03125
		5	7	0.03125
		5	8	0.015625
		5	9	0.015625
Zybaylov_031413_01_HC.1724.1724.4 File:"Zybaylov_031413_01_HC.raw", NativeID:"controllerType=0 contr	1087.489990234375000	mDFSkMSIVGRIGSEFTEHTSAN%NR	MTI$L^KVFR	4345.911505	4345.9287109375	4.0000000000000
		1	0	0.03125
		1	1	0.03125
		1	2	0.03125
		1	3	0.03125
		1	4	0.03125
		1	5	0.03125
		1	6	0.03125
		1	7	0.03125
		1	8	0.015625
		1	9	0.015625
		5	0	0.03125
		5	1	0.03125
		5	2	0.03125
		5	3	0.03125
		5	4	0.03125
		5	5	0.03125
		5	6	0.03125
		5	7	0.03125
		5	8	0.015625
		5	9	0.015625
Zybaylov_031413_01_HC.1724.1724.4 File:"Zybaylov_031413_01_HC.raw", NativeID:"controllerType=0 contr	1087.489990234375000	mDFSk$SIVGRIGSEFTEHTSANN%R	MTIML^KVFR	4345.911505	4345.9287109375	4.0000000000000
		1	0	0
		1	1	0
		1	2	0
		1	3	0
		1	4	0
		1	5	0
		1	6	0
		1	7	0
		1	8	0
		1	9	0
		5	0	0
		5	1	0
		5	2	0
		5	3	0
		5	4	0
		5	5	0
		5	6	0
		5	7	0
		5	8	0
		5	9	0
Zybaylov_031413_01_HC.1724.1724.4 File:"Zybaylov_031413_01_HC.raw", NativeID:"controllerType=0 contr	1087.489990234375000	mDFSkMSIVGRIGSEFTEHTSANN%R	$TIML^KVFR	4345.911505	4345.9287109375	4.0000000000000
		1	0	0.03125
		1	1	0.03125
		1	2	0.03125
		1	3	0.03125
		1	4	0.03125
		1	5	0.03125
		1	6	0.03125
		1	7	0.03125
		1	8	0.015625
		1	9	0.015625
		5	0	0.03125
		5	1	0.03125
		5	2	0.03125
		5	3	0.03125
		5	4	0.03125
		5	5	0.03125
		5	6	0.03125
		5	7	0.03125
		5	8	0.015625
		5	9	0.015625
Zybaylov_031413_01_HC.1724.1724.4 File:"Zybaylov_031413_01_HC.raw", NativeID:"controllerType=0 contr	1087.489990234375000	mDFSkMSIVGRIGSEFTEHTSANN%R	MTI$L^KVFR	4345.911505	4345.9287109375	4.0000000000000
		1	0	0.03125
		1	1	0.03125
		1	2	0.03125
		1	3	0.03125
		1	4	0.03125
		1	5	0.03125
		1	6	0.03125
		1	7	0.03125
		1	8	0.015625
		1	9	0.015625
		5	0	0.03125
		5	1	0.03125
		5	2	0.03125
		5	3	0.03125
		5	4	0.03125
		5	5	0.03125
		5	6	0.03125
		5	7	0.03125
		5	8	0.015625
		5	9	0.015625
Zybaylov_031413_01_HC.1761.1761.4 File:"Zybaylov_031413_01_HC.raw", NativeID:"controllerType=0 contr	1031.498046875000000	kGALVYVEADAANYVFERDDGSkGTTLSLVQk	EFKK	4121.97389	4121.9609375	4.0000000000000
		1	0	0
		1	1	0
		1	2	0
		1	3	0
		23	0	0
		23	1	0
		23	2	0
		23	3	0
Zybaylov_031413_01_HC.1750.1750.4 File:"Zybaylov_031413_01_HC.raw", NativeID:"controllerType=0 contr	1082.477539062500000	IGSEFTEHTSANNNRYLkYSIASQPR	MEVERANNSR	4325.892745	4325.87890625	4.0000000000000
		18	0	0.015625
		18	1	0.015625
		18	2	0.015625
		18	3	0.015625
		18	4	0.015625
		18	5	0.015625
		18	6	0.015625
		18	7	0.015625
		18	8	0.015625
		18	9	0.015625
Zybaylov_031413_01_HC.1679.1679.4 File:"Zybaylov_031413_01_HC.raw", NativeID:"controllerType=0 contr	1082.481689453125000	IGSEFTEHTSANNNRYLkYSIASQPR	MEVERANNSR	4325.892745	4325.8955078125	4.0000000000000
		18	0	0.015625
		18	1	0.015625
		18	2	0.015625
		18	3	0.015625
		18	4	0.015625
		18	5	0.015625
		18	6	0.015625
		18	7	0.015625
		18	8	0.015625
		18	9	0
Zybaylov_031413_01_HC.1682.1682.4 File:"Zybaylov_031413_01_HC.raw", NativeID:"controllerType=0 contr	1082.481689453125000	IGSEFTEHTSANNNRYLkYSIASQPR	MEVERANNSR	4325.892745	4325.8955078125	4.0000000000000
		18	0	0.03125
		18	1	0.03125
		18	2	0.03125
		18	3	0.03125
		18	4	0.03125
		18	5	0.015625
		18	6	0.015625
		18	7	0.015625
		18	8	0.015625
		18	9	0.015625
Zybaylov_031413_01_HC.2051.2051.8 File:"Zybaylov_031413_01_HC.raw", NativeID:"controllerType=0 contr	519.260009765625000	YLkYSIASQPR	LSKLPGQVHIFNAIDGGALEDEELK	4146.023285	4146.017578125	8.0000000000000
		3	0	0
		3	1	0
		3	10	0
		3	11	0
		3	12	0
		3	13	0
		3	14	0
		3	15	0
		3	16	0
		3	17	0
		3	18	0
		3	19	0
		3	2	0
		3	20	0.015625
		3	21	0.015625
		3	22	0.015625
		3	23	0.015625
		3	24	0.015625
		3	3	0
		3	4	0
		3	5	0
		3	6	0
		3	7	0
		3	8	0
		3	9	0
Zybaylov_031413_01_HC.391.391.4 File:"Zybaylov_031413_01_HC.raw", NativeID:"controllerType=0 control	1060.562011718750000	DDGSkGTTLSLVQkDINLLkNGk	LLQNFLAPKELHLK	4238.20359	4238.216796875	4.0000000000000
		14	0	0.0151515151515152
		14	1	0.0151515151515152
		14	10	0.0151515151515152
		14	11	0.0151515151515152
		14	12	0.0151515151515152
		14	13	0.0151515151515152
		14	2	0.0151515151515152
		14	3	0.0151515151515152
		14	4	0.0151515151515152
		14	5	0.0151515151515152
		14	6	0.0151515151515152
		14	7	0.0151515151515152
		14	8	0.0151515151515152
		14	9	0.0151515151515152
		20	0	0
		20	1	0
		20	10	0
		20	11	0
		20	12	0
		20	13	0
		20	2	0
		20	3	0
		20	4	0
		20	5	0
		20	6	0
		20	7	0
		20	8	0
		20	9	0
		5	0	0.0151515151515152
		5	1	0.0151515151515152
		5	10	0.0151515151515152
		5	11	0.0151515151515152
		5	12	0.0151515151515152
		5	13	0.0151515151515152
		5	2	0.0151515151515152
		5	3	0.0151515151515152
		5	4	0.0151515151515152
		5	5	0.0151515151515152
		5	6	0.0151515151515152
		5	7	0.0151515151515152
		5	8	0.0151515151515152
		5	9	0.0151515151515152
Zybaylov_031413_01_HC.1901.1901.5 File:"Zybaylov_031413_01_HC.raw", NativeID:"controllerType=0 contr	994.692687988281250	GALVYVEADAANYVFERDDGSkGTTLSLVQkDINLLk	LKAAMER	4968.399895	4968.42431640625	5.0000000000000
		22	0	0.025
		22	1	0.025
		22	2	0.025
		22	3	0.025
		22	4	0.025
		22	5	0.025
		22	6	0.025
		31	0	0.0125
		31	1	0.0125
		31	2	0.0125
		31	3	0.0125
		31	4	0.0125
		31	5	0.0125
		31	6	0.0125
Zybaylov_031413_01_HC.1036.1036.4 File:"Zybaylov_031413_01_HC.raw", NativeID:"controllerType=0 contr	791.369995117187500	NGkk	EGFAKSDIGEPVSPLDSSVFDFMK	3161.439385	3161.44873046875	4.0000000000000
		3	0	0.0208333333333333
		3	1	0.0208333333333333
		3	10	0.0208333333333333
		3	11	0.0208333333333333
		3	12	0.0208333333333333
		3	13	0.0208333333333333
		3	14	0.0208333333333333
		3	15	0.0208333333333333
		3	16	0.0208333333333333
		3	17	0.0208333333333333
		3	18	0.0208333333333333
		3	19	0.0208333333333333
		3	2	0.0208333333333333
		3	20	0
		3	21	0
		3	22	0.0208333333333333
		3	23	0.0208333333333333
		3	3	0.0208333333333333
		3	4	0.0208333333333333
		3	5	0.0208333333333333
		3	6	0.0208333333333333
		3	7	0.0208333333333333
		3	8	0.0208333333333333
		3	9	0.0208333333333333
Zybaylov_031413_01_HC.1907.1907.5 File:"Zybaylov_031413_01_HC.raw", NativeID:"controllerType=0 contr	1017.500000000000000	kGALVYVEADAANYVFERDDGSkGTTLSLVQk	VKTDDEVVLENIK	5082.43633	5082.4609375	5.0000000000000
		1	0	0.0121951219512195
		1	1	0.0121951219512195
		1	10	0.0121951219512195
		1	11	0.0121951219512195
		1	12	0.0121951219512195
		1	2	0.0121951219512195
		1	3	0.0121951219512195
		1	4	0.0121951219512195
		1	5	0.0121951219512195
		1	6	0.0121951219512195
		1	7	0.0121951219512195
		1	8	0.0121951219512195
		1	9	0.0121951219512195
		23	0	0.024390243902439
		23	1	0.024390243902439
		23	10	0.024390243902439
		23	11	0.024390243902439
		23	12	0.024390243902439
		23	2	0.024390243902439
		23	3	0.024390243902439
		23	4	0.024390243902439
		23	5	0.024390243902439
		23	6	0.024390243902439
		23	7	0.024390243902439
		23	8	0.024390243902439
		23	9	0.024390243902439
Zybaylov_031413_01_HC.1296.1296.4 File:"Zybaylov_031413_01_HC.raw", NativeID:"controllerType=0 contr	578.809997558593750	DDGSkGTTLSLVQk	RLPLVR	2311.209375	2311.20874023438	4.0000000000000
		5	0	0
		5	1	0
		5	2	0
		5	3	0
		5	4	0
		5	5	0
Zybaylov_031413_01_HC.1488.1488.4 File:"Zybaylov_031413_01_HC.raw", NativeID:"controllerType=0 contr	585.778686523437500	mDFSk	AVSREGLQVLNFDR	2339.07961	2339.08349609375	4.0000000000000
		1	0	0
		1	1	0
		1	10	0
		1	11	0
		1	12	0
		1	13	0
		1	2	0
		1	3	0
		1	4	0
		1	5	0
		1	6	0
		1	7	0
		1	8	0
		1	9	0
Zybaylov_031413_01_HC.2165.2165.5 File:"Zybaylov_031413_01_HC.raw", NativeID:"controllerType=0 contr	718.919982910156250	NGkkLEDAEGQENAASSELEHHHHHH	TRIK	3589.553365	3589.56079101562	5.0000000000000
		3	0	0.0192307692307692
		3	1	0.0192307692307692
		3	2	0.0192307692307692
		3	3	0.0192307692307692
		4	0	0.0192307692307692
		4	1	0.0192307692307692
		4	2	0.0192307692307692
		4	3	0.0192307692307692
Zybaylov_031413_01_HC.2019.2019.4 File:"Zybaylov_031413_01_HC.raw", NativeID:"controllerType=0 contr	849.193542480468750	DDGSkGTTLSLVQkDINLLkNGk	IPICLSK	3392.73018	3392.74291992188	4.0000000000000
		14	0	0.0192307692307692
		14	1	0.0192307692307692
		14	2	0.0192307692307692
		14	3	0.0192307692307692
		14	4	0.0384615384615385
		14	5	0.0384615384615385
		14	6	0.0384615384615385
		20	0	0.0192307692307692
		20	1	0.0192307692307692
		20	2	0.0192307692307692
		20	3	0.0192307692307692
		20	4	0.0384615384615385
		20	5	0.0384615384615385
		20	6	0.0384615384615385
		5	0	0.0384615384615385
		5	1	0.0384615384615385
		5	2	0.0384615384615385
		5	3	0.0384615384615385
		5	4	0.0576923076923077
		5	5	0.0576923076923077
		5	6	0.0576923076923077
Zybaylov_031413_01_HC.719.719.4 File:"Zybaylov_031413_01_HC.raw", NativeID:"controllerType=0 control	433.223205566406250	mDFSkMSIVGR	VLK	1728.864035	1728.86157226562	4.0000000000000
		1	0	0.05
		1	1	0.05
		1	2	0.05
		5	0	0.05
		5	1	0.05
		5	2	0.05
Zybaylov_031413_01_HC.1613.1613.4 File:"Zybaylov_031413_01_HC.raw", NativeID:"controllerType=0 contr	1082.489990234375000	MSIVGRIGSEFTEHTSANNNRYLkYSIASQPR	ANNSR	4325.94215	4325.9287109375	4.0000000000000
		24	0	0.0151515151515152
		24	1	0.0151515151515152
		24	2	0.0151515151515152
		24	3	0.0151515151515152
		24	4	0.0151515151515152
Zybaylov_031413_01_HC.1110.1110.4 File:"Zybaylov_031413_01_HC.raw", NativeID:"controllerType=0 contr	782.390014648437500	DDGSkGTTLSLVQkDINLLkNGk	ANNSR	3125.51775	3125.52880859375	4.0000000000000
		14	0	0.0773841838581252
		14	1	0.0773841838581252
		14	2	0.0773841838581252
		14	3	0.0773841838581252
		14	4	0.0773841838581252
		20	0	0
		20	1	0
		20	2	0
		20	3	0
		20	4	0
		5	0	0.0773841838581252
		5	1	0.0773841838581252
		5	2	0.0773841838581252
		5	3	0.0773841838581252
		5	4	0.0773841838581252
Zybaylov_031413_01_HC.1488.1488.4 File:"Zybaylov_031413_01_HC.raw", NativeID:"controllerType=0 contr	585.778686523437500	mDFSkMSIVGR	VGAQVMMVK	2339.0942	2339.08349609375	4.0000000000000
		1	0	0
		1	1	0
		1	2	0
		1	3	0
		1	4	0
		1	5	0
		1	6	0
		1	7	0
		1	8	0
		5	0	0
		5	1	0
		5	2	0
		5	3	0
		5	4	0
		5	5	0
		5	6	0
		5	7	0
		5	8	0
Zybaylov_031413_01_HC.1529.1529.4 File:"Zybaylov_031413_01_HC.raw", NativeID:"controllerType=0 contr	630.809997558593750	DDGSkGTTLSLVQk	VGAQVMMVK	2519.21915	2519.20874023437	4.0000000000000
		5	0	0.0263157894736842
		5	1	0.0263157894736842
		5	2	0.0263157894736842
		5	3	0.0263157894736842
		5	4	0.0526315789473684
		5	5	0.0526315789473684
		5	6	0.0526315789473684
		5	7	0.0526315789473684
		5	8	0.0526315789473684
Zybaylov_031413_01_HC.1051.1051.5 File:"Zybaylov_031413_01_HC.raw", NativeID:"controllerType=0 contr	628.909973144531250	DDGSkGTTLSLVQkDINLLkNGk	AAMER	3139.526	3139.51098632812	5.0000000000000
		14	0	0.0416666666666667
		14	1	0.0416666666666667
		14	2	0.0416666666666667
		14	3	0.0416666666666667
		14	4	0.0416666666666667
		20	0	0.0416666666666667
		20	1	0.0416666666666667
		20	2	0.0416666666666667
		20	3	0.0416666666666667
		20	4	0.0416666666666667
		5	0	0.0416666666666667
		5	1	0.0416666666666667
		5	2	0.0416666666666667
		5	3	0.0416666666666667
		5	4	0.0416666666666667
Zybaylov_031413_01_HC.1696.1696.4 File:"Zybaylov_031413_01_HC.raw", NativeID:"controllerType=0 contr	785.888732910156250	DDGSkGTTLSLVQkDINLLkNGk	AAMER	3139.526	3139.52368164062	4.0000000000000
		14	0	0.0208333333333333
		14	1	0.0208333333333333
		14	2	0.0208333333333333
		14	3	0.0208333333333333
		14	4	0.0208333333333333
		20	0	0
		20	1	0
		20	2	0
		20	3	0
		20	4	0
		5	0	0.0208333333333333
		5	1	0.0208333333333333
		5	2	0.0208333333333333
		5	3	0.0208333333333333
		5	4	0.0208333333333333
Zybaylov_031413_01_HC.886.886.4 File:"Zybaylov_031413_01_HC.raw", NativeID:"controllerType=0 control	424.215148925781250	DINLLkNGk	AAMER	1692.835065	1692.82934570312	4.0000000000000
		6	0	0.05
		6	1	0.05
		6	2	0.05
		6	3	0.05
		6	4	0
Zybaylov_031413_01_HC.936.936.4 File:"Zybaylov_031413_01_HC.raw", NativeID:"controllerType=0 control	424.215209960937500	DINLLkNGk	AAMER	1692.835065	1692.82958984375	4.0000000000000
		6	0	0.05
		6	1	0.05
		6	2	0.05
		6	3	0.05
		6	4	0.05
Zybaylov_031413_01_HC.838.838.4 File:"Zybaylov_031413_01_HC.raw", NativeID:"controllerType=0 control	424.215667724609375	DINLLkNGk	AAMER	1692.835065	1692.83142089844	4.0000000000000
		6	0	0
		6	1	0
		6	2	0
		6	3	0
		6	4	0
Zybaylov_031413_01_HC.1684.1684.4 File:"Zybaylov_031413_01_HC.raw", NativeID:"controllerType=0 contr	1084.479980468750000	mDFSkMSIVGRIGSEFTEHTSANNNR	TDDEVVLENIK	4333.895875	4333.888671875	4.0000000000000
		1	0	0
		1	1	0
		1	10	0
		1	2	0
		1	3	0
		1	4	0
		1	5	0
		1	6	0
		1	7	0
		1	8	0
		1	9	0
		5	0	0
		5	1	0
		5	10	0
		5	2	0
		5	3	0
		5	4	0
		5	5	0
		5	6	0
		5	7	0
		5	8	0
		5	9	0
Zybaylov_031413_01_HC.1540.1540.4 File:"Zybaylov_031413_01_HC.raw", NativeID:"controllerType=0 contr	837.926940917968750	GTTLSLVQkDINLLk	EQLMQTIHQNSAGK	3347.66196	3347.67651367188	4.0000000000000
		9	0	0
		9	1	0
		9	10	0
		9	11	0
		9	12	0.02
		9	13	0.02
		9	2	0
		9	3	0
		9	4	0
		9	5	0
		9	6	0
		9	7	0
		9	8	0
		9	9	0
Zybaylov_031413_01_HC.1728.1728.4 File:"Zybaylov_031413_01_HC.raw", NativeID:"controllerType=0 contr	1077.989990234375000	IGSEFTEHTSANNNRYLkYSIASQPR	EGLQVLNFDR	4307.94891	4307.9287109375	4.0000000000000
		18	0	0.03125
		18	1	0.03125
		18	2	0.03125
		18	3	0.03125
		18	4	0.03125
		18	5	0.03125
		18	6	0.03125
		18	7	0.03125
		18	8	0.03125
		18	9	0.03125
Zybaylov_031413_01_HC.1506.1506.4 File:"Zybaylov_031413_01_HC.raw", NativeID:"controllerType=0 contr	831.896972656250000	kGALVYVEADAANYVFER	EGLQVLNFDR	3323.55394	3323.556640625	4.0000000000000
		1	0	0.0625
		1	1	0.0625
		1	2	0.0625
		1	3	0.0416666666666667
		1	4	0.0416666666666667
		1	5	0.0416666666666667
		1	6	0.0416666666666667
		1	7	0.0416666666666667
		1	8	0.0416666666666667
		1	9	0.0416666666666667
Zybaylov_031413_01_HC.1620.1620.4 File:"Zybaylov_031413_01_HC.raw", NativeID:"controllerType=0 contr	1014.983825683593750	kGALVYVEADAANYVFERDDGSkGTTLSLVQk	AHQK	4055.91658	4055.90405273438	4.0000000000000
		1	0	0
		1	1	0
		1	2	0
		1	3	0
		23	0	0
		23	1	0
		23	2	0
		23	3	0
