TITLE	m/z	Fragment1	Fragment2	Theoretical Mass	Actual Mass	Charge
CL_SITE_SEQ_1	CL_SITE_SEQ_2	SCORE
Zybaylov_103012_Rim1_03.9499.9499.3	754.046020507812500	kGNk	NNNASTHETFESGIR	2259.10372	2259.11450195312	3.0000000000000	0.644444444444444
		1	1	0.611111111111111
		1	10	0.477777777777778
		1	11	0.511111111111111
		1	12	0.511111111111111
		1	13	0.511111111111111
		1	14	0.544444444444445
		1	2	0.644444444444444
		1	3	0.644444444444444
		1	4	0.644444444444444
		1	5	0.588888888888889
		1	6	0.533333333333333
		1	7	0.444444444444444
		1	8	0.444444444444444
		1	9	0.444444444444444
Zybaylov_103012_Rim1_03.9156.9156.3	910.127075195312500	QVLSLTTGkSGDDR	GVISMKSFDM	2727.36169	2727.35766601562	3.0000000000000	0.791666666666667
		9	1	0.65
		9	2	0.716666666666667
		9	3	0.741666666666667
		9	4	0.766666666666667
		9	5	0.791666666666667
		9	6	0.75
		9	7	0.708333333333333
		9	8	0.708333333333333
		9	9	0.666666666666667
Zybaylov_103012_Rim1_03.9162.9162.3	910.129028320312500	QVLSLTTGkSGDDR	GVISMKSFDM	2727.36169	2727.36352539062	3.0000000000000	0.741666666666667
		9	1	0.583333333333333
		9	2	0.65
		9	3	0.675
		9	4	0.741666666666667
		9	5	0.7
		9	6	0.725
		9	7	0.683333333333333
		9	8	0.708333333333333
		9	9	0.708333333333333
Zybaylov_103012_Rim1_03.9529.9529.4	868.946350097656250	QVLSLTTGkSGDDR	EFVYNAADAEVYVLAGK	3471.75676	3471.75415039062	4.0000000000000	0.701069690754816
		9	1	0.682551172236297
		9	10	0.600534845377408
		9	11	0.600534845377408
		9	12	0.600534845377408
		9	13	0.650802268066112
		9	14	0.650802268066112
		9	15	0.650802268066112
		9	16	0.650802268066112
		9	2	0.701069690754816
		9	3	0.701069690754816
		9	4	0.701069690754816
		9	5	0.701069690754816
		9	6	0.650802268066112
		9	7	0.650802268066112
		9	8	0.650802268066112
		9	9	0.600534845377408
Zybaylov_103012_Rim1_03.9540.9540.4	868.943237304687500	QVLSLTTGkSGDDR	EFVYNAADAEVYVLAGK	3471.75676	3471.74169921875	4.0000000000000	0.796316403265372
		9	1	0.62170748381389
		9	10	0.777797884746853
		9	11	0.796316403265372
		9	12	0.796316403265372
		9	13	0.796316403265372
		9	14	0.796316403265372
		9	15	0.796316403265372
		9	16	0.746048980576668
		9	2	0.690493425021112
		9	3	0.709011943539631
		9	4	0.727530462058149
		9	5	0.709011943539631
		9	6	0.709011943539631
		9	7	0.709011943539631
		9	8	0.777797884746853
		9	9	0.777797884746853
Zybaylov_103012_Rim1_03.10316.10316.4	868.943481445312500	QVLSLTTGkSGDDR	EFVYNAADAEVYVLAGK	3471.75676	3471.74267578125	4.0000000000000	0.753991233361483
		9	1	0.666686773635742
		9	10	0.685205292154261
		9	11	0.703723810672779
		9	12	0.703723810672779
		9	13	0.722242329191298
		9	14	0.722242329191298
		9	15	0.671974906502594
		9	16	0.62170748381389
		9	2	0.666686773635742
		9	3	0.685205292154261
		9	4	0.703723810672779
		9	5	0.703723810672779
		9	6	0.703723810672779
		9	7	0.703723810672779
		9	8	0.753991233361483
		9	9	0.735472714842965
Zybaylov_103012_Rim1_03.10351.10351.3	1158.258544921875000	QVLSLTTGkSGDDR	EFVYNAADAEVYVLAGK	3471.75676	3471.75219726562	3.0000000000000	0.716049382716049
		9	1	0.660493827160494
		9	10	0.623456790123457
		9	11	0.623456790123457
		9	12	0.623456790123457
		9	13	0.623456790123457
		9	14	0.623456790123457
		9	15	0.623456790123457
		9	16	0.592592592592593
		9	2	0.679012345679012
		9	3	0.697530864197531
		9	4	0.716049382716049
		9	5	0.685185185185185
		9	6	0.654320987654321
		9	7	0.623456790123457
		9	8	0.623456790123457
		9	9	0.623456790123457
Zybaylov_103012_Rim1_03.10375.10375.4	868.945800781250000	QVLSLTTGkSGDDR	EFVYNAADAEVYVLAGK	3471.75676	3471.751953125	4.0000000000000	0.933888285679817
		9	1	0.933888285679817
		9	10	0.801604536132223
		9	11	0.801604536132223
		9	12	0.851871958820927
		9	13	0.851871958820927
		9	14	0.851871958820927
		9	15	0.851871958820927
		9	16	0.801604536132223
		9	2	0.883620862991113
		9	3	0.902139381509631
		9	4	0.851871958820927
		9	5	0.851871958820927
		9	6	0.851871958820927
		9	7	0.801604536132223
		9	8	0.801604536132223
		9	9	0.801604536132223
Zybaylov_103012_Rim1_03.8498.8498.5	959.660522460937500	EFVYNAADAEVYVLAGkR	HHHHHHELESSAANEQGEADELK	4793.26531	4793.263671875	5.0000000000000	0.842287694974003
		17	1	0.590051056255562
		17	10	0.644105110309616
		17	11	0.702655862101269
		17	12	0.702655862101269
		17	13	0.716169375614783
		17	14	0.788233640919949
		17	15	0.801747154433463
		17	16	0.801747154433463
		17	17	0.815260667946976
		17	18	0.815260667946976
		17	19	0.815260667946976
		17	2	0.662115321560729
		17	20	0.815260667946976
		17	21	0.82877418146049
		17	22	0.842287694974003
		17	3	0.675628835074242
		17	4	0.675628835074242
		17	5	0.689142348587756
		17	6	0.689142348587756
		17	7	0.675628835074242
		17	8	0.617078083282589
		17	9	0.630591596796103
Zybaylov_103012_Rim1_03.8509.8509.5	959.659484863281250	EFVYNAADAEVYVLAGkR	HHHHHHELESSAANEQGEADELK	4793.26531	4793.25830078125	5.0000000000000	0.860297906225116
		17	1	0.833270879198089
		17	10	0.702655862101269
		17	11	0.761206613892922
		17	12	0.761206613892922
		17	13	0.774720127406436
		17	14	0.846784392711602
		17	15	0.846784392711602
		17	16	0.846784392711602
		17	17	0.860297906225116
		17	18	0.860297906225116
		17	19	0.801747154433463
		17	2	0.833270879198089
		17	20	0.801747154433463
		17	21	0.815260667946976
		17	22	0.815260667946976
		17	3	0.833270879198089
		17	4	0.833270879198089
		17	5	0.833270879198089
		17	6	0.833270879198089
		17	7	0.833270879198089
		17	8	0.833270879198089
		17	9	0.774720127406436
Zybaylov_103012_Rim1_03.8512.8512.6	799.884643554687500	EFVYNAADAEVYVLAGkR	HHHHHHELESSAANEQGEADELK	4793.26531	4793.2607421875	6.0000000000000	1.17558199447281
		17	1	1.09000421565413
		17	10	1.11703124268116
		17	11	1.0584804908895
		17	12	1.11703124268116
		17	13	1.11703124268116
		17	14	1.11703124268116
		17	15	1.0584804908895
		17	16	0.99992973909785
		17	17	1.07199400440302
		17	18	1.07199400440302
		17	19	1.01344325261136
		17	2	1.09000421565413
		17	20	1.01344325261136
		17	21	1.01344325261136
		17	22	1.01344325261136
		17	3	1.09000421565413
		17	4	1.1620684809593
		17	5	1.10351772916764
		17	6	1.1620684809593
		17	7	1.1620684809593
		17	8	1.10351772916764
		17	9	1.17558199447281
Zybaylov_103012_Rim1_03.8518.8518.6	799.885009765625000	EFVYNAADAEVYVLAGkR	HHHHHHELESSAANEQGEADELK	4793.26531	4793.26318359375	6.0000000000000	0.99992973909785
		17	1	0.91435196027917
		17	10	0.941378987306197
		17	11	0.941378987306197
		17	12	0.99992973909785
		17	13	0.99992973909785
		17	14	0.99992973909785
		17	15	0.941378987306197
		17	16	0.941378987306197
		17	17	0.941378987306197
		17	18	0.941378987306197
		17	19	0.941378987306197
		17	2	0.927865473792683
		17	20	0.941378987306197
		17	21	0.954892500819711
		17	22	0.954892500819711
		17	3	0.855801208487517
		17	4	0.86931472200103
		17	5	0.941378987306197
		17	6	0.99992973909785
		17	7	0.99992973909785
		17	8	0.99992973909785
		17	9	0.99992973909785
Zybaylov_103012_Rim1_03.8526.8526.7	685.759887695312500	EFVYNAADAEVYVLAGkR	HHHHHHELESSAANEQGEADELK	4793.26531	4793.2646484375	7.0000000000000	0.779240245444752
		17	1	0.765726731931238
		17	10	0.558550751791653
		17	11	0.558550751791653
		17	12	0.558550751791653
		17	13	0.558550751791653
		17	14	0.617101503583306
		17	15	0.617101503583306
		17	16	0.675652255374959
		17	17	0.675652255374959
		17	18	0.675652255374959
		17	19	0.734203007166612
		17	2	0.779240245444752
		17	20	0.734203007166612
		17	21	0.675652255374959
		17	22	0.675652255374959
		17	3	0.720689493653099
		17	4	0.734203007166612
		17	5	0.734203007166612
		17	6	0.675652255374959
		17	7	0.675652255374959
		17	8	0.675652255374959
		17	9	0.617101503583306
Zybaylov_103012_Rim1_03.8533.8533.7	685.758850097656250	EFVYNAADAEVYVLAGkR	HHHHHHELESSAANEQGEADELK	4793.26531	4793.25732421875	7.0000000000000	0.954892500819711
		17	1	0.882828235514544
		17	10	0.792753758958265
		17	11	0.734203007166612
		17	12	0.734203007166612
		17	13	0.734203007166612
		17	14	0.734203007166612
		17	15	0.734203007166612
		17	16	0.734203007166612
		17	17	0.734203007166612
		17	18	0.734203007166612
		17	19	0.792753758958265
		17	2	0.954892500819711
		17	20	0.792753758958265
		17	21	0.792753758958265
		17	22	0.792753758958265
		17	3	0.896341749028058
		17	4	0.909855262541571
		17	5	0.909855262541571
		17	6	0.851304510749918
		17	7	0.851304510749918
		17	8	0.851304510749918
		17	9	0.792753758958265
Zybaylov_103012_Rim1_03.9156.9156.3	910.127075195312500	GVISMkSFDM	QVLSLTTGKSGDDR	2727.36169	2727.35766601562	3.0000000000000	0.741666666666667
		6	1	0.65
		6	10	0.683333333333333
		6	11	0.641666666666667
		6	12	0.641666666666667
		6	13	0.641666666666667
		6	2	0.675
		6	3	0.675
		6	4	0.741666666666667
		6	5	0.7
		6	6	0.725
		6	7	0.725
		6	8	0.683333333333333
		6	9	0.683333333333333
Zybaylov_103012_Rim1_03.9162.9162.3	910.129028320312500	GVISMkSFDM	QVLSLTTGKSGDDR	2727.36169	2727.36352539062	3.0000000000000	0.866666666666667
		6	1	0.775
		6	10	0.725
		6	11	0.683333333333333
		6	12	0.683333333333333
		6	13	0.641666666666667
		6	2	0.8
		6	3	0.866666666666667
		6	4	0.825
		6	5	0.783333333333333
		6	6	0.741666666666667
		6	7	0.741666666666667
		6	8	0.7
		6	9	0.725
Zybaylov_103012_Rim1_03.6660.6660.5	622.909118652343750	GVISMkSFDM	EFVYNAADAEVYVLAGK	3109.51861	3109.50634765625	5.0000000000000	0.970951699193731
		6	1	0.970951699193731
		6	10	0.5
		6	11	0.5
		6	12	0.5
		6	13	0.5
		6	14	0.5
		6	15	0.5
		6	16	0.5
		6	2	0.876761359354985
		6	3	0.782571019516238
		6	4	0.688380679677492
		6	5	0.594190339838746
		6	6	0.5
		6	7	0.5
		6	8	0.5
		6	9	0.5
Zybaylov_103012_Rim1_03.8498.8498.5	959.660522460937500	hHHHHHELESSAANEQGEADELk	EFVYNAADAEVYVLAGKR	4793.26531	4793.263671875	5.0000000000000	0.680125532811841
		1	1	0.567520726966134
		1	10	0.680125532811841
		1	11	0.608061267506675
		1	12	0.621574781020188
		1	13	0.635088294533702
		1	14	0.635088294533702
		1	15	0.635088294533702
		1	16	0.635088294533702
		1	17	0.576537542742049
		1	2	0.567520726966134
		1	3	0.639584992271301
		1	4	0.653098505784814
		1	5	0.666612019298328
		1	6	0.608061267506675
		1	7	0.621574781020188
		1	8	0.621574781020188
		1	9	0.621574781020188
Zybaylov_103012_Rim1_03.8509.8509.5	959.659484863281250	hHHHHHELESSAANEQGEADELk	EFVYNAADAEVYVLAGKR	4793.26531	4793.25830078125	5.0000000000000	0.954869080518994
		1	1	0.711649257576467
		1	10	0.896318328727341
		1	11	0.837767576935688
		1	12	0.851281090449201
		1	13	0.864794603962715
		1	14	0.878308117476228
		1	15	0.878308117476228
		1	16	0.891821630989742
		1	17	0.905335144503255
		1	2	0.783713522881634
		1	3	0.797227036395147
		1	4	0.810740549908661
		1	5	0.824254063422174
		1	6	0.837767576935688
		1	7	0.837767576935688
		1	8	0.896318328727341
		1	9	0.954869080518994
Zybaylov_103012_Rim1_03.8512.8512.6	799.884643554687500	hHHHHHELESSAANEQGEADELk	EFVYNAADAEVYVLAGKR	4793.26531	4793.2607421875	6.0000000000000	1.39627148812591
		1	1	1.27015316876669
		1	10	1.33772073633425
		1	11	1.2791699845426
		1	12	1.22061923275095
		1	13	1.1620684809593
		1	14	1.1620684809593
		1	15	1.1620684809593
		1	16	1.1620684809593
		1	17	1.1620684809593
		1	2	1.34221743407185
		1	3	1.35573094758537
		1	4	1.36924446109888
		1	5	1.38275797461239
		1	6	1.32420722282074
		1	7	1.32420722282074
		1	8	1.32420722282074
		1	9	1.39627148812591
Zybaylov_103012_Rim1_03.8518.8518.6	799.885009765625000	hHHHHHELESSAANEQGEADELk	EFVYNAADAEVYVLAGKR	4793.26531	4793.26318359375	6.0000000000000	1.18007869221041
		1	1	1.09450091339173
		1	10	0.972902712070823
		1	11	0.91435196027917
		1	12	0.972902712070823
		1	13	0.972902712070823
		1	14	0.986416225584337
		1	15	0.986416225584337
		1	16	0.986416225584337
		1	17	0.986416225584337
		1	2	1.16656517869689
		1	3	1.18007869221041
		1	4	1.12152794041876
		1	5	1.13504145393227
		1	6	1.14855496744578
		1	7	1.14855496744578
		1	8	1.09000421565413
		1	9	1.03145346386248
Zybaylov_103012_Rim1_03.8526.8526.7	685.759887695312500	hHHHHHELESSAANEQGEADELk	EFVYNAADAEVYVLAGKR	4793.26531	4793.2646484375	7.0000000000000	1.30619701156963
		1	1	1.29268349805612
		1	10	0.837790997236405
		1	11	0.837790997236405
		1	12	0.837790997236405
		1	13	0.837790997236405
		1	14	0.837790997236405
		1	15	0.837790997236405
		1	16	0.837790997236405
		1	17	0.837790997236405
		1	2	1.30619701156963
		1	3	1.24764625977798
		1	4	1.18909550798632
		1	5	1.13054475619467
		1	6	1.07199400440302
		1	7	1.01344325261136
		1	8	0.954892500819711
		1	9	0.896341749028058
Zybaylov_103012_Rim1_03.8533.8533.7	685.758850097656250	hHHHHHELESSAANEQGEADELk	EFVYNAADAEVYVLAGKR	4793.26531	4793.25732421875	7.0000000000000	1.23413274626446
		1	1	1.14855496744578
		1	10	1.01344325261136
		1	11	1.01344325261136
		1	12	1.01344325261136
		1	13	0.954892500819711
		1	14	0.954892500819711
		1	15	0.954892500819711
		1	16	0.954892500819711
		1	17	0.954892500819711
		1	2	1.22061923275095
		1	3	1.23413274626446
		1	4	1.17558199447281
		1	5	1.18909550798632
		1	6	1.13054475619467
		1	7	1.07199400440302
		1	8	1.01344325261136
		1	9	1.01344325261136
Zybaylov_103012_Rim1_03.4861.4861.5	620.288879394531250	hHHHHHELESSAANEQGEADELk	GNK	3096.41915	3096.4052734375	5.0000000000000	0.969631321884355
		1	1	0.946904049157082
		1	2	0.969631321884355
Zybaylov_103012_Rim1_03.4874.4874.4	775.110107421875000	hHHHHHELESSAANEQGEADELk	GNK	3096.41915	3096.4091796875	4.0000000000000	0.717550093771592
		1	1	0.694822821044319
		1	2	0.717550093771592
