TITLE	m/z	Fragment1	Fragment2	Theoretical Mass	Actual Mass	Charge
CL_SITE_SEQ_1	CL_SITE_SEQ_2	SCORE
Zybaylov_103012_Rim1_02.8802.8802.4	650.345825195312500	kGNk	EFVYNAADAEVYVLAGkR	2597.36473	2597.35205078125	4.0000000000000	0.746048980576668
		1	17	0.746048980576668
Zybaylov_103012_Rim1_02.6250.6250.6	633.144592285156250	GNkLLNIDk	hHHHHHELESSAANEQGEADELk	3792.83621	3792.82055664062	6.0000000000000	0.601138895766279
		3	1	0.601138895766279
Zybaylov_103012_Rim1_02.6251.6251.4	949.216125488281250	GNkLLNIDk	hHHHHHELESSAANEQGEADELk	3792.83621	3792.83325195312	4.0000000000000	0.709205832170002
		3	1	0.709205832170002
Zybaylov_103012_Rim1_02.9147.9147.3	910.124938964843750	QVLSLTTGkSGDDR	GVISMkSFDM	2727.36169	2727.35131835938	3.0000000000000	0.641666666666667
		9	6	0.641666666666667
Zybaylov_103012_Rim1_02.9172.9172.3	910.127685546875000	QVLSLTTGkSGDDR	GVISMkSFDM	2727.36169	2727.35961914062	3.0000000000000	0.941666666666667
		9	6	0.941666666666667
Zybaylov_103012_Rim1_02.8802.8802.4	650.345825195312500	EFVYNAADAEVYVLAGkR	kGNk	2597.36473	2597.35205078125	4.0000000000000	0.821450114609724
		17	1	0.821450114609724
Zybaylov_103012_Rim1_02.8322.8322.5	959.660217285156250	EFVYNAADAEVYVLAGkR	hHHHHHELESSAANEQGEADELk	4793.26531	4793.26171875	5.0000000000000	0.504473277436882
		17	1	0.504473277436882
Zybaylov_103012_Rim1_02.8330.8330.5	959.657348632812500	EFVYNAADAEVYVLAGkR	hHHHHHELESSAANEQGEADELk	4793.26531	4793.24755859375	5.0000000000000	1.02243664808656
		17	1	1.02243664808656
Zybaylov_103012_Rim1_02.8398.8398.6	799.882507324218750	EFVYNAADAEVYVLAGkR	hHHHHHELESSAANEQGEADELk	4793.26531	4793.248046875	6.0000000000000	0.99992973909785
		17	1	0.99992973909785
Zybaylov_103012_Rim1_02.8444.8444.5	959.657836914062500	EFVYNAADAEVYVLAGkR	hHHHHHELESSAANEQGEADELk	4793.26531	4793.25	5.0000000000000	0.864794603962715
		17	1	0.864794603962715
Zybaylov_103012_Rim1_02.8448.8448.6	799.883789062500000	EFVYNAADAEVYVLAGkR	hHHHHHELESSAANEQGEADELk	4793.26531	4793.255859375	6.0000000000000	0.972902712070823
		17	1	0.972902712070823
Zybaylov_103012_Rim1_02.8455.8455.7	685.759399414062500	EFVYNAADAEVYVLAGkR	hHHHHHELESSAANEQGEADELk	4793.26531	4793.26123046875	7.0000000000000	0.797250456695864
		17	1	0.797250456695864
Zybaylov_103012_Rim1_02.8462.8462.5	959.658325195312500	EFVYNAADAEVYVLAGkR	hHHHHHELESSAANEQGEADELk	4793.26531	4793.25244140625	5.0000000000000	0.617078083282589
		17	1	0.617078083282589
Zybaylov_103012_Rim1_02.8475.8475.4	1199.321289062500000	EFVYNAADAEVYVLAGkR	hHHHHHELESSAANEQGEADELk	4793.26531	4793.25390625	4.0000000000000	0.45367843413446
		17	1	0.45367843413446
Zybaylov_103012_Rim1_02.8484.8484.7	685.758850097656250	EFVYNAADAEVYVLAGkR	hHHHHHELESSAANEQGEADELk	4793.26531	4793.25732421875	7.0000000000000	0.927865473792683
		17	1	0.927865473792683
Zybaylov_103012_Rim1_02.9147.9147.3	910.124938964843750	GVISMkSFDM	QVLSLTTGkSGDDR	2727.36169	2727.35131835938	3.0000000000000	0.575
		6	9	0.575
Zybaylov_103012_Rim1_02.9172.9172.3	910.127685546875000	GVISMkSFDM	QVLSLTTGkSGDDR	2727.36169	2727.35961914062	3.0000000000000	0.85
		6	9	0.85
Zybaylov_103012_Rim1_02.6250.6250.6	633.144592285156250	hHHHHHELESSAANEQGEADELk	GNkLLNIDk	3792.83621	3792.82055664062	6.0000000000000	0.618996038623422
		1	3	0.618996038623422
Zybaylov_103012_Rim1_02.6251.6251.4	949.216125488281250	hHHHHHELESSAANEQGEADELk	GNkLLNIDk	3792.83621	3792.83325195312	4.0000000000000	0.75767798976268
		1	3	0.75767798976268
Zybaylov_103012_Rim1_02.8322.8322.5	959.660217285156250	hHHHHHELESSAANEQGEADELk	EFVYNAADAEVYVLAGkR	4793.26531	4793.26171875	5.0000000000000	0.490959763923369
		1	17	0.490959763923369
Zybaylov_103012_Rim1_02.8330.8330.5	959.657348632812500	hHHHHHELESSAANEQGEADELk	EFVYNAADAEVYVLAGkR	4793.26531	4793.24755859375	5.0000000000000	1.02243664808656
		1	17	1.02243664808656
Zybaylov_103012_Rim1_02.8398.8398.6	799.882507324218750	hHHHHHELESSAANEQGEADELk	EFVYNAADAEVYVLAGkR	4793.26531	4793.248046875	6.0000000000000	1.01344325261136
		1	17	1.01344325261136
Zybaylov_103012_Rim1_02.8444.8444.5	959.657836914062500	hHHHHHELESSAANEQGEADELk	EFVYNAADAEVYVLAGkR	4793.26531	4793.25	5.0000000000000	0.923345355754368
		1	17	0.923345355754368
Zybaylov_103012_Rim1_02.8448.8448.6	799.883789062500000	hHHHHHELESSAANEQGEADELk	EFVYNAADAEVYVLAGkR	4793.26531	4793.255859375	6.0000000000000	1.04496697737599
		1	17	1.04496697737599
Zybaylov_103012_Rim1_02.8455.8455.7	685.759399414062500	hHHHHHELESSAANEQGEADELk	EFVYNAADAEVYVLAGkR	4793.26531	4793.26123046875	7.0000000000000	0.86931472200103
		1	17	0.86931472200103
Zybaylov_103012_Rim1_02.8462.8462.5	959.658325195312500	hHHHHHELESSAANEQGEADELk	EFVYNAADAEVYVLAGkR	4793.26531	4793.25244140625	5.0000000000000	0.675628835074242
		1	17	0.675628835074242
Zybaylov_103012_Rim1_02.8475.8475.4	1199.321289062500000	hHHHHHELESSAANEQGEADELk	EFVYNAADAEVYVLAGkR	4793.26531	4793.25390625	4.0000000000000	0.440164920620947
		1	17	0.440164920620947
Zybaylov_103012_Rim1_02.8484.8484.7	685.758850097656250	hHHHHHELESSAANEQGEADELk	EFVYNAADAEVYVLAGkR	4793.26531	4793.25732421875	7.0000000000000	0.99992973909785
		1	17	0.99992973909785
