TITLE	m/z	Fragment1	Fragment2	Theoretical Mass	Actual Mass	Charge
CL_SITE_SEQ_1	CL_SITE_SEQ_2	SCORE
Zybaylov_103012_Rim1_02.9284.9284.5	981.107238769531250	GNkLLNIDkQVLSLTTGkSGDDR	NNNASTHETFESGIRGVISMK	4900.51475	4900.4970703125	5.0000000000000	1.14991334488735
		18	1	0.924935008665511
		18	10	0.987435008665511
		18	11	0.987435008665511
		18	12	0.933275563258232
		18	13	0.933275563258232
		18	14	0.933275563258232
		18	15	0.933275563258232
		18	16	0.933275563258232
		18	17	0.933275563258232
		18	18	0.933275563258232
		18	19	0.933275563258232
		18	2	0.937435008665511
		18	20	0.933275563258232
		18	3	1.00409445407279
		18	4	1.01659445407279
		18	5	1.02909445407279
		18	6	1.04159445407279
		18	7	0.987435008665511
		18	8	0.987435008665511
		18	9	0.987435008665511
		3	1	1.00825389948007
		3	10	1.07075389948007
		3	11	1.07075389948007
		3	12	1.01659445407279
		3	13	1.01659445407279
		3	14	1.01659445407279
		3	15	1.01659445407279
		3	16	1.01659445407279
		3	17	1.01659445407279
		3	18	1.01659445407279
		3	19	1.01659445407279
		3	2	1.02075389948007
		3	20	1.01659445407279
		3	3	1.08741334488735
		3	4	1.09991334488735
		3	5	1.11241334488735
		3	6	1.12491334488735
		3	7	1.07075389948007
		3	8	1.07075389948007
		3	9	1.07075389948007
		9	1	1.03325389948007
		9	10	1.09575389948007
		9	11	1.09575389948007
		9	12	1.04159445407279
		9	13	1.04159445407279
		9	14	1.04159445407279
		9	15	1.04159445407279
		9	16	1.04159445407279
		9	17	1.04159445407279
		9	18	1.04159445407279
		9	19	1.04159445407279
		9	2	1.04575389948007
		9	20	1.04159445407279
		9	3	1.11241334488735
		9	4	1.12491334488735
		9	5	1.13741334488735
		9	6	1.14991334488735
		9	7	1.09575389948007
		9	8	1.09575389948007
		9	9	1.09575389948007
Zybaylov_103012_Rim1_02.8895.8895.4	840.717956542968750	LLNIDkQVLSLTTGkSGDDR	RPQSAISYK	3358.82543	3358.84057617188	4.0000000000000	0.854310532030402
		15	1	0.685732899022801
		15	2	0.760021715526601
		15	3	0.780021715526601
		15	4	0.800021715526601
		15	5	0.820021715526601
		15	6	0.800021715526601
		15	7	0.820021715526601
		15	8	0.765732899022801
		6	1	0.720021715526602
		6	2	0.794310532030402
		6	3	0.814310532030402
		6	4	0.834310532030402
		6	5	0.854310532030402
		6	6	0.834310532030402
		6	7	0.854310532030402
		6	8	0.800021715526601
Zybaylov_103012_Rim1_02.5960.5960.6	568.593078613281250	hHHHHHELESSAANEQGEADELkk	SFDM	3405.52264	3405.51147460938	6.0000000000000	1.22212593876372
		1	1	1.20129260543039
		1	2	1.22212593876372
		1	3	1.13186019641826
		23	1	0.770797227036395
		23	2	0.791630560369728
		23	3	0.701364818024263
Zybaylov_103012_Rim1_02.5988.5988.6	568.592468261718750	hHHHHHELESSAANEQGEADELkk	SFDM	3405.52264	3405.5078125	6.0000000000000	1.27072501444252
		1	1	1.22905834777585
		1	2	1.24989168110919
		1	3	1.27072501444252
		23	1	0.749963893703062
		23	2	0.770797227036395
		23	3	0.791630560369728
Zybaylov_103012_Rim1_02.8802.8802.4	650.345825195312500	kGNk	EFVYNAADAEVYVLAGKR	2597.36473	2597.35205078125	4.0000000000000	1.04765351670889
		1	1	0.841295693087224
		1	10	0.89685124864278
		1	11	0.972252382675835
		1	12	0.972252382675835
		1	13	0.972252382675835
		1	14	0.89685124864278
		1	15	0.89685124864278
		1	16	0.821450114609724
		1	17	0.746048980576668
		1	2	0.944474604898058
		1	3	0.972252382675835
		1	4	0.972252382675835
		1	5	1.04765351670889
		1	6	0.972252382675835
		1	7	0.972252382675835
		1	8	0.972252382675835
		1	9	0.89685124864278
Zybaylov_103012_Rim1_02.6250.6250.6	633.144592285156250	GNkLLNIDk	HHHHHHELESSAANEQGEADELK	3792.83621	3792.82055664062	6.0000000000000	0.940393661797475
		3	1	0.601138895766279
		3	10	0.827308739787076
		3	11	0.845165882644219
		3	12	0.845165882644219
		3	13	0.845165882644219
		3	14	0.767795246348106
		3	15	0.767795246348106
		3	16	0.767795246348106
		3	17	0.863023025501362
		3	18	0.940393661797475
		3	19	0.940393661797475
		3	2	0.696366674919535
		3	20	0.922536518940332
		3	21	0.845165882644219
		3	22	0.845165882644219
		3	3	0.696366674919535
		3	4	0.714223817776677
		3	5	0.73208096063382
		3	6	0.73208096063382
		3	7	0.827308739787076
		3	8	0.827308739787076
		3	9	0.827308739787076
Zybaylov_103012_Rim1_02.6251.6251.4	949.216125488281250	GNkLLNIDk	HHHHHHELESSAANEQGEADELK	3792.83621	3792.83325195312	4.0000000000000	0.943908019233752
		3	1	0.709205832170002
		3	10	0.744920117884287
		3	11	0.76277726074143
		3	12	0.829106561191252
		3	13	0.829106561191252
		3	14	0.895435861641073
		3	15	0.895435861641073
		3	16	0.943908019233752
		3	17	0.87757871878393
		3	18	0.87757871878393
		3	19	0.87757871878393
		3	2	0.727062975027144
		3	20	0.87757871878393
		3	21	0.895435861641073
		3	22	0.846963704048395
		3	3	0.727062975027144
		3	4	0.744920117884287
		3	5	0.696447960291608
		3	6	0.744920117884287
		3	7	0.793392275476966
		3	8	0.744920117884287
		3	9	0.744920117884287
Zybaylov_103012_Rim1_02.9147.9147.3	910.124938964843750	QVLSLTTGkSGDDR	GVISMKSFDM	2727.36169	2727.35131835938	3.0000000000000	0.666666666666667
		9	1	0.5
		9	2	0.566666666666667
		9	3	0.591666666666667
		9	4	0.616666666666667
		9	5	0.641666666666667
		9	6	0.641666666666667
		9	7	0.666666666666667
		9	8	0.666666666666667
		9	9	0.625
Zybaylov_103012_Rim1_02.9172.9172.3	910.127685546875000	QVLSLTTGkSGDDR	GVISMKSFDM	2727.36169	2727.35961914062	3.0000000000000	0.941666666666667
		9	1	0.691666666666667
		9	2	0.758333333333333
		9	3	0.783333333333333
		9	4	0.85
		9	5	0.916666666666667
		9	6	0.941666666666667
		9	7	0.941666666666667
		9	8	0.9
		9	9	0.9
Zybaylov_103012_Rim1_02.9616.9616.4	868.946472167968750	QVLSLTTGkSGDDR	EFVYNAADAEVYVLAGK	3471.75676	3471.75463867188	4.0000000000000	1.00267422688704
		9	1	0.984155708368521
		9	10	0.902139381509631
		9	11	0.851871958820927
		9	12	0.851871958820927
		9	13	0.851871958820927
		9	14	0.851871958820927
		9	15	0.851871958820927
		9	16	0.851871958820927
		9	2	1.00267422688704
		9	3	1.00267422688704
		9	4	0.952406804198335
		9	5	0.952406804198335
		9	6	0.952406804198335
		9	7	0.952406804198335
		9	8	0.952406804198335
		9	9	0.902139381509631
Zybaylov_103012_Rim1_02.10223.10223.4	868.944519042968750	QVLSLTTGkSGDDR	EFVYNAADAEVYVLAGK	3471.75676	3471.74682617188	4.0000000000000	0.873044597257409
		9	1	0.748703100494631
		9	10	0.703723810672779
		9	11	0.722242329191298
		9	12	0.722242329191298
		9	13	0.740760847709816
		9	14	0.740760847709816
		9	15	0.671974906502594
		9	16	0.62170748381389
		9	2	0.817489041701854
		9	3	0.836007560220372
		9	4	0.854526078738891
		9	5	0.873044597257409
		9	6	0.804258656050187
		9	7	0.753991233361483
		9	8	0.703723810672779
		9	9	0.685205292154261
Zybaylov_103012_Rim1_02.10721.10721.4	868.947021484375000	QVLSLTTGkSGDDR	EFVYNAADAEVYVLAGK	3471.75676	3471.7568359375	4.0000000000000	1.00267422688704
		9	1	0.89685124864278
		9	10	1.00267422688704
		9	11	1.00267422688704
		9	12	1.00267422688704
		9	13	1.00267422688704
		9	14	1.00267422688704
		9	15	0.952406804198335
		9	16	0.902139381509631
		9	2	0.915369767161298
		9	3	0.984155708368521
		9	4	1.00267422688704
		9	5	0.952406804198335
		9	6	0.952406804198335
		9	7	0.952406804198335
		9	8	1.00267422688704
		9	9	1.00267422688704
Zybaylov_103012_Rim1_02.8959.8959.5	935.865051269531250	QVLSLTTGkSGDDR	VYETLFNIQPENFVTINYWNTQGDR	4674.30365	4674.2861328125	5.0000000000000	0.4142609556821
		9	1	0.385689527110671
		9	10	0.399975241396385
		9	11	0.385689527110671
		9	12	0.399975241396385
		9	13	0.4142609556821
		9	14	0.4142609556821
		9	15	0.4142609556821
		9	16	0.399975241396385
		9	17	0.338078732359495
		9	18	0.323793018073781
		9	19	0.338078732359495
		9	2	0.399975241396385
		9	20	0.352364446645209
		9	21	0.290467937608319
		9	22	0.290467937608319
		9	23	0.290467937608319
		9	24	0.304753651894033
		9	3	0.399975241396385
		9	4	0.4142609556821
		9	5	0.4142609556821
		9	6	0.4142609556821
		9	7	0.4142609556821
		9	8	0.4142609556821
		9	9	0.399975241396385
Zybaylov_103012_Rim1_02.8963.8963.5	935.864074707031250	QVLSLTTGkSGDDR	VYETLFNIQPENFVTINYWNTQGDR	4674.30365	4674.28125	5.0000000000000	0.928497152760584
		9	1	0.685664768507056
		9	10	0.85231492943798
		9	11	0.838029215152265
		9	12	0.91421143847487
		9	13	0.928497152760584
		9	14	0.928497152760584
		9	15	0.928497152760584
		9	16	0.91421143847487
		9	17	0.91421143847487
		9	18	0.85231492943798
		9	19	0.866600643723694
		9	2	0.699950482792771
		9	20	0.880886358009408
		9	21	0.880886358009408
		9	22	0.880886358009408
		9	23	0.880886358009408
		9	24	0.895172072295123
		9	3	0.699950482792771
		9	4	0.776132706115375
		9	5	0.790418420401089
		9	6	0.804704134686804
		9	7	0.866600643723694
		9	8	0.866600643723694
		9	9	0.866600643723694
Zybaylov_103012_Rim1_02.8802.8802.4	650.345825195312500	EFVYNAADAEVYVLAGkR	KGNK	2597.36473	2597.35205078125	4.0000000000000	0.877005670165279
		17	1	0.821450114609724
		17	2	0.849227892387502
		17	3	0.877005670165279
Zybaylov_103012_Rim1_02.8322.8322.5	959.660217285156250	EFVYNAADAEVYVLAGkR	HHHHHHELESSAANEQGEADELK	4793.26531	4793.26171875	5.0000000000000	0.761206613892922
		17	1	0.504473277436882
		17	10	0.662115321560729
		17	11	0.720666073352382
		17	12	0.648601808047215
		17	13	0.720666073352382
		17	14	0.734179586865895
		17	15	0.747693100379409
		17	16	0.747693100379409
		17	17	0.761206613892922
		17	18	0.761206613892922
		17	19	0.702655862101269
		17	2	0.517986790950396
		17	20	0.702655862101269
		17	21	0.716169375614783
		17	22	0.716169375614783
		17	3	0.517986790950396
		17	4	0.517986790950396
		17	5	0.590051056255562
		17	6	0.662115321560729
		17	7	0.662115321560729
		17	8	0.662115321560729
		17	9	0.662115321560729
Zybaylov_103012_Rim1_02.8330.8330.5	959.657348632812500	EFVYNAADAEVYVLAGkR	HHHHHHELESSAANEQGEADELK	4793.26531	4793.24755859375	5.0000000000000	1.23862944400206
		17	1	1.02243664808656
		17	10	1.04946367511359
		17	11	1.10801442690524
		17	12	1.04946367511359
		17	13	1.12152794041876
		17	14	1.0629771886271
		17	15	1.00442643683545
		17	16	1.00442643683545
		17	17	1.01793995034896
		17	18	1.01793995034896
		17	19	0.95938919855731
		17	2	1.09450091339173
		17	20	0.95938919855731
		17	21	0.972902712070823
		17	22	0.986416225584337
		17	3	1.10801442690524
		17	4	1.18007869221041
		17	5	1.18007869221041
		17	6	1.23862944400206
		17	7	1.22511593048855
		17	8	1.16656517869689
		17	9	1.10801442690524
Zybaylov_103012_Rim1_02.8398.8398.6	799.882507324218750	EFVYNAADAEVYVLAGkR	HHHHHHELESSAANEQGEADELK	4793.26531	4793.248046875	6.0000000000000	1.08550751791653
		17	1	0.99992973909785
		17	10	0.851304510749918
		17	11	0.851304510749918
		17	12	0.851304510749918
		17	13	0.909855262541571
		17	14	0.909855262541571
		17	15	0.909855262541571
		17	16	0.909855262541571
		17	17	0.909855262541571
		17	18	0.909855262541571
		17	19	0.909855262541571
		17	2	1.01344325261136
		17	20	0.909855262541571
		17	21	0.909855262541571
		17	22	0.909855262541571
		17	3	1.01344325261136
		17	4	1.08550751791653
		17	5	1.02695676612488
		17	6	0.968406014333224
		17	7	0.968406014333224
		17	8	0.968406014333224
		17	9	0.909855262541571
Zybaylov_103012_Rim1_02.8444.8444.5	959.657836914062500	EFVYNAADAEVYVLAGkR	HHHHHHELESSAANEQGEADELK	4793.26531	4793.25	5.0000000000000	1.03595016160007
		17	1	0.864794603962715
		17	10	0.846784392711602
		17	11	0.905335144503255
		17	12	0.846784392711602
		17	13	0.918848658016769
		17	14	0.860297906225116
		17	15	0.932362171530283
		17	16	0.945875685043796
		17	17	0.945875685043796
		17	18	0.945875685043796
		17	19	0.887324933252143
		17	2	0.878308117476228
		17	20	0.887324933252143
		17	21	0.887324933252143
		17	22	0.887324933252143
		17	3	0.950372382781395
		17	4	0.963885896294908
		17	5	1.03595016160007
		17	6	0.977399409808422
		17	7	0.963885896294908
		17	8	0.905335144503255
		17	9	0.846784392711602
Zybaylov_103012_Rim1_02.8448.8448.6	799.883789062500000	EFVYNAADAEVYVLAGkR	HHHHHHELESSAANEQGEADELK	4793.26531	4793.255859375	6.0000000000000	1.10351772916764
		17	1	0.972902712070823
		17	10	0.927865473792683
		17	11	0.927865473792683
		17	12	0.986416225584337
		17	13	0.927865473792683
		17	14	0.927865473792683
		17	15	0.86931472200103
		17	16	0.810763970209378
		17	17	0.810763970209378
		17	18	0.810763970209378
		17	19	0.810763970209378
		17	2	0.972902712070823
		17	20	0.810763970209378
		17	21	0.824277483722891
		17	22	0.824277483722891
		17	3	0.972902712070823
		17	4	1.04496697737599
		17	5	1.04496697737599
		17	6	1.04496697737599
		17	7	1.10351772916764
		17	8	1.04496697737599
		17	9	0.986416225584337
Zybaylov_103012_Rim1_02.8455.8455.7	685.759399414062500	EFVYNAADAEVYVLAGkR	HHHHHHELESSAANEQGEADELK	4793.26531	4793.26123046875	7.0000000000000	0.882828235514544
		17	1	0.797250456695864
		17	10	0.779240245444752
		17	11	0.720689493653099
		17	12	0.779240245444752
		17	13	0.720689493653099
		17	14	0.720689493653099
		17	15	0.734203007166612
		17	16	0.734203007166612
		17	17	0.734203007166612
		17	18	0.734203007166612
		17	19	0.734203007166612
		17	2	0.86931472200103
		17	20	0.734203007166612
		17	21	0.734203007166612
		17	22	0.734203007166612
		17	3	0.810763970209378
		17	4	0.882828235514544
		17	5	0.882828235514544
		17	6	0.824277483722891
		17	7	0.824277483722891
		17	8	0.824277483722891
		17	9	0.837790997236405
Zybaylov_103012_Rim1_02.8462.8462.5	959.658325195312500	EFVYNAADAEVYVLAGkR	HHHHHHELESSAANEQGEADELK	4793.26531	4793.25244140625	5.0000000000000	0.891821630989742
		17	1	0.617078083282589
		17	10	0.675628835074242
		17	11	0.734179586865895
		17	12	0.734179586865895
		17	13	0.806243852171062
		17	14	0.819757365684575
		17	15	0.891821630989742
		17	16	0.878308117476228
		17	17	0.891821630989742
		17	18	0.891821630989742
		17	19	0.878308117476228
		17	2	0.617078083282589
		17	20	0.878308117476228
		17	21	0.878308117476228
		17	22	0.878308117476228
		17	3	0.617078083282589
		17	4	0.630591596796103
		17	5	0.702655862101269
		17	6	0.702655862101269
		17	7	0.689142348587756
		17	8	0.689142348587756
		17	9	0.689142348587756
Zybaylov_103012_Rim1_02.8475.8475.4	1199.321289062500000	EFVYNAADAEVYVLAGkR	HHHHHHELESSAANEQGEADELK	4793.26531	4793.25390625	4.0000000000000	0.530900607447839
		17	1	0.45367843413446
		17	10	0.420855709129325
		17	11	0.457537341902163
		17	12	0.444023828388649
		17	13	0.444023828388649
		17	14	0.444023828388649
		17	15	0.457537341902163
		17	16	0.471050855415676
		17	17	0.48456436892919
		17	18	0.48456436892919
		17	19	0.48456436892919
		17	2	0.45367843413446
		17	20	0.447882736156352
		17	21	0.461396249669865
		17	22	0.424714616897027
		17	3	0.503873580420812
		17	4	0.503873580420812
		17	5	0.517387093934325
		17	6	0.530900607447839
		17	7	0.530900607447839
		17	8	0.494218974675001
		17	9	0.457537341902163
Zybaylov_103012_Rim1_02.8484.8484.7	685.758850097656250	EFVYNAADAEVYVLAGkR	HHHHHHELESSAANEQGEADELK	4793.26531	4793.25732421875	7.0000000000000	1.07199400440302
		17	1	0.927865473792683
		17	10	0.954892500819711
		17	11	0.954892500819711
		17	12	0.954892500819711
		17	13	1.01344325261136
		17	14	1.01344325261136
		17	15	1.07199400440302
		17	16	1.01344325261136
		17	17	1.01344325261136
		17	18	1.01344325261136
		17	19	1.01344325261136
		17	2	0.941378987306197
		17	20	1.01344325261136
		17	21	1.01344325261136
		17	22	1.01344325261136
		17	3	0.941378987306197
		17	4	1.01344325261136
		17	5	1.01344325261136
		17	6	1.01344325261136
		17	7	1.07199400440302
		17	8	1.07199400440302
		17	9	1.01344325261136
Zybaylov_103012_Rim1_02.9289.9289.4	1209.873413085937500	RPQSAISYkLYR	RVYETLFNIQPENFVTINYWNTQGDR	4835.46182	4835.46240234375	4.0000000000000	0.617663026122501
		9	1	0.380261225011177
		9	10	0.588251261416619
		9	11	0.548333013987354
		9	12	0.548333013987354
		9	13	0.548333013987354
		9	14	0.60295714376956
		9	15	0.60295714376956
		9	16	0.617663026122501
		9	17	0.617663026122501
		9	18	0.617663026122501
		9	19	0.577744778693236
		9	2	0.380261225011177
		9	20	0.577744778693236
		9	21	0.563038896340295
		9	22	0.548333013987354
		9	23	0.563038896340295
		9	24	0.563038896340295
		9	25	0.563038896340295
		9	3	0.394967107364118
		9	4	0.449591237146324
		9	5	0.50421536692853
		9	6	0.518921249281472
		9	7	0.573545379063678
		9	8	0.573545379063678
		9	9	0.588251261416619
Zybaylov_103012_Rim1_02.9294.9294.4	1209.869995117187500	RPQSAISYkLYR	RVYETLFNIQPENFVTINYWNTQGDR	4835.46182	4835.44873046875	4.0000000000000	0.394967107364118
		9	1	0.350849460305295
		9	10	0.394967107364118
		9	11	0.355048859934853
		9	12	0.355048859934853
		9	13	0.355048859934853
		9	14	0.355048859934853
		9	15	0.355048859934853
		9	16	0.355048859934853
		9	17	0.355048859934853
		9	18	0.315130612505589
		9	19	0.300424730152647
		9	2	0.350849460305295
		9	20	0.285718847799706
		9	21	0.285718847799706
		9	22	0.271012965446765
		9	23	0.271012965446765
		9	24	0.271012965446765
		9	25	0.271012965446765
		9	3	0.350849460305295
		9	4	0.350849460305295
		9	5	0.350849460305295
		9	6	0.365555342658236
		9	7	0.365555342658236
		9	8	0.365555342658236
		9	9	0.380261225011177
Zybaylov_103012_Rim1_02.9219.9219.4	870.207824707031250	RPQSAISYkLYR	EFVYNAADAEVYVLAGK	3476.81381	3476.80004882812	4.0000000000000	0.988599348534202
		9	1	0.765732899022801
		9	10	0.934310532030402
		9	11	0.934310532030402
		9	12	0.934310532030402
		9	13	0.934310532030402
		9	14	0.934310532030402
		9	15	0.934310532030402
		9	16	0.934310532030402
		9	2	0.785732899022801
		9	3	0.860021715526601
		9	4	0.880021715526601
		9	5	0.934310532030402
		9	6	0.934310532030402
		9	7	0.988599348534202
		9	8	0.988599348534202
		9	9	0.934310532030402
Zybaylov_103012_Rim1_02.9224.9224.4	870.209289550781250	RPQSAISYkLYR	EFVYNAADAEVYVLAGK	3476.81381	3476.80590820312	4.0000000000000	1.0771769815418
		9	1	0.908599348534202
		9	10	1.022888165038
		9	11	1.022888165038
		9	12	1.022888165038
		9	13	1.022888165038
		9	14	0.968599348534202
		9	15	0.968599348534202
		9	16	0.968599348534202
		9	2	0.982888165038002
		9	3	1.0571769815418
		9	4	1.0771769815418
		9	5	1.0771769815418
		9	6	1.0771769815418
		9	7	1.022888165038
		9	8	1.022888165038
		9	9	1.0771769815418
Zybaylov_103012_Rim1_02.9147.9147.3	910.124938964843750	GVISMkSFDM	QVLSLTTGKSGDDR	2727.36169	2727.35131835938	3.0000000000000	0.716666666666667
		6	1	0.641666666666667
		6	10	0.575
		6	11	0.575
		6	12	0.533333333333333
		6	13	0.533333333333333
		6	2	0.666666666666667
		6	3	0.691666666666667
		6	4	0.716666666666667
		6	5	0.675
		6	6	0.633333333333333
		6	7	0.591666666666667
		6	8	0.55
		6	9	0.575
Zybaylov_103012_Rim1_02.9172.9172.3	910.127685546875000	GVISMkSFDM	QVLSLTTGKSGDDR	2727.36169	2727.35961914062	3.0000000000000	0.866666666666667
		6	1	0.75
		6	10	0.85
		6	11	0.808333333333333
		6	12	0.808333333333333
		6	13	0.766666666666667
		6	2	0.775
		6	3	0.8
		6	4	0.866666666666667
		6	5	0.825
		6	6	0.783333333333333
		6	7	0.825
		6	8	0.825
		6	9	0.85
Zybaylov_103012_Rim1_02.6250.6250.6	633.144592285156250	hHHHHHELESSAANEQGEADELk	GNKLLNIDK	3792.83621	3792.82055664062	6.0000000000000	0.654710324337707
		1	1	0.505911116613023
		1	2	0.523768259470166
		1	3	0.618996038623422
		1	4	0.618996038623422
		1	5	0.618996038623422
		1	6	0.618996038623422
		1	7	0.636853181480564
		1	8	0.654710324337707
Zybaylov_103012_Rim1_02.6251.6251.4	949.216125488281250	hHHHHHELESSAANEQGEADELk	GNKLLNIDK	3792.83621	3792.83325195312	4.0000000000000	0.793392275476966
		1	1	0.673491546455716
		1	2	0.739820846905537
		1	3	0.75767798976268
		1	4	0.775535132619823
		1	5	0.793392275476966
		1	6	0.793392275476966
		1	7	0.744920117884287
		1	8	0.76277726074143
Zybaylov_103012_Rim1_02.8322.8322.5	959.660217285156250	hHHHHHELESSAANEQGEADELk	EFVYNAADAEVYVLAGKR	4793.26531	4793.26171875	5.0000000000000	0.549510515715022
		1	1	0.310787390510094
		1	10	0.495456461660968
		1	11	0.495456461660968
		1	12	0.508969975174481
		1	13	0.522483488687995
		1	14	0.535997002201508
		1	15	0.535997002201508
		1	16	0.549510515715022
		1	17	0.490959763923369
		1	2	0.310787390510094
		1	3	0.382851655815261
		1	4	0.396365169328774
		1	5	0.409878682842288
		1	6	0.409878682842288
		1	7	0.423392196355801
		1	8	0.423392196355801
		1	9	0.436905709869315
Zybaylov_103012_Rim1_02.8330.8330.5	959.657348632812500	hHHHHHELESSAANEQGEADELk	EFVYNAADAEVYVLAGKR	4793.26531	4793.24755859375	5.0000000000000	1.17106187643449
		1	1	0.927842053491967
		1	10	1.17106187643449
		1	11	1.09899761112933
		1	12	1.11251112464284
		1	13	1.12602463815635
		1	14	1.13953815166987
		1	15	1.13953815166987
		1	16	1.08098739987821
		1	17	1.02243664808656
		1	2	0.999906318797133
		1	3	1.0719705841023
		1	4	1.08548409761581
		1	5	1.09899761112933
		1	6	1.11251112464284
		1	7	1.05396037285119
		1	8	1.05396037285119
		1	9	1.11251112464284
Zybaylov_103012_Rim1_02.8398.8398.6	799.882507324218750	hHHHHHELESSAANEQGEADELk	EFVYNAADAEVYVLAGKR	4793.26531	4793.248046875	6.0000000000000	1.52688650522273
		1	1	1.45482223991756
		1	10	1.23413274626446
		1	11	1.17558199447281
		1	12	1.11703124268116
		1	13	1.13054475619467
		1	14	1.07199400440302
		1	15	1.07199400440302
		1	16	1.07199400440302
		1	17	1.01344325261136
		1	2	1.52688650522273
		1	3	1.46833575343107
		1	4	1.40978500163942
		1	5	1.35123424984777
		1	6	1.29268349805612
		1	7	1.23413274626446
		1	8	1.17558199447281
		1	9	1.23413274626446
Zybaylov_103012_Rim1_02.8444.8444.5	959.657836914062500	hHHHHHELESSAANEQGEADELk	EFVYNAADAEVYVLAGKR	4793.26531	4793.25	5.0000000000000	1.0719705841023
		1	1	0.914328539978453
		1	10	1.0719705841023
		1	11	0.999906318797133
		1	12	1.01341983231065
		1	13	1.02693334582416
		1	14	0.968382594032507
		1	15	0.968382594032507
		1	16	0.981896107546021
		1	17	0.923345355754368
		1	2	0.914328539978453
		1	3	0.98639280528362
		1	4	0.999906318797133
		1	5	0.999906318797133
		1	6	1.01341983231065
		1	7	1.01341983231065
		1	8	1.01341983231065
		1	9	1.01341983231065
Zybaylov_103012_Rim1_02.8448.8448.6	799.883789062500000	hHHHHHELESSAANEQGEADELk	EFVYNAADAEVYVLAGKR	4793.26531	4793.255859375	6.0000000000000	1.40978500163942
		1	1	1.34221743407185
		1	10	1.17558199447281
		1	11	1.10351772916764
		1	12	1.10351772916764
		1	13	1.04496697737599
		1	14	1.04496697737599
		1	15	1.04496697737599
		1	16	1.04496697737599
		1	17	1.04496697737599
		1	2	1.35573094758537
		1	3	1.36924446109888
		1	4	1.38275797461239
		1	5	1.39627148812591
		1	6	1.40978500163942
		1	7	1.35123424984777
		1	8	1.29268349805612
		1	9	1.23413274626446
Zybaylov_103012_Rim1_02.8455.8455.7	685.759399414062500	hHHHHHELESSAANEQGEADELk	EFVYNAADAEVYVLAGKR	4793.26531	4793.26123046875	7.0000000000000	1.33772073633425
		1	1	1.32420722282074
		1	10	0.927865473792683
		1	11	0.927865473792683
		1	12	0.927865473792683
		1	13	0.86931472200103
		1	14	0.86931472200103
		1	15	0.86931472200103
		1	16	0.86931472200103
		1	17	0.86931472200103
		1	2	1.33772073633425
		1	3	1.33772073633425
		1	4	1.2791699845426
		1	5	1.22061923275095
		1	6	1.1620684809593
		1	7	1.10351772916764
		1	8	1.04496697737599
		1	9	0.986416225584337
Zybaylov_103012_Rim1_02.8462.8462.5	959.658325195312500	hHHHHHELESSAANEQGEADELk	EFVYNAADAEVYVLAGKR	4793.26531	4793.25244140625	5.0000000000000	0.680125532811841
		1	1	0.463932736896342
		1	10	0.680125532811841
		1	11	0.608061267506675
		1	12	0.621574781020188
		1	13	0.635088294533702
		1	14	0.648601808047215
		1	15	0.648601808047215
		1	16	0.662115321560729
		1	17	0.675628835074242
		1	2	0.535997002201508
		1	3	0.549510515715022
		1	4	0.563024029228535
		1	5	0.563024029228535
		1	6	0.563024029228535
		1	7	0.576537542742049
		1	8	0.563024029228535
		1	9	0.621574781020188
Zybaylov_103012_Rim1_02.8475.8475.4	1199.321289062500000	hHHHHHELESSAANEQGEADELk	EFVYNAADAEVYVLAGKR	4793.26531	4793.25390625	4.0000000000000	0.463333039880271
		1	1	0.409278985826217
		1	10	0.449819526366758
		1	11	0.449819526366758
		1	12	0.399624380080406
		1	13	0.41313789359392
		1	14	0.41313789359392
		1	15	0.41313789359392
		1	16	0.426651407107433
		1	17	0.440164920620947
		1	2	0.422792499339731
		1	3	0.422792499339731
		1	4	0.436306012853244
		1	5	0.449819526366758
		1	6	0.463333039880271
		1	7	0.463333039880271
		1	8	0.449819526366758
		1	9	0.449819526366758
Zybaylov_103012_Rim1_02.8484.8484.7	685.758850097656250	hHHHHHELESSAANEQGEADELk	EFVYNAADAEVYVLAGKR	4793.26531	4793.25732421875	7.0000000000000	1.30619701156963
		1	1	1.22061923275095
		1	10	1.13054475619467
		1	11	1.07199400440302
		1	12	1.07199400440302
		1	13	1.01344325261136
		1	14	0.99992973909785
		1	15	0.99992973909785
		1	16	0.99992973909785
		1	17	0.99992973909785
		1	2	1.29268349805612
		1	3	1.30619701156963
		1	4	1.24764625977798
		1	5	1.18909550798632
		1	6	1.24764625977798
		1	7	1.24764625977798
		1	8	1.18909550798632
		1	9	1.18909550798632
