TITLE	m/z	Fragment1	Fragment2	Theoretical Mass	Actual Mass	Charge
CL_SITE_SEQ_1	CL_SITE_SEQ_2	SCORE
Zybaylov_103012_Rim1_03.9144.9144.5	821.415710449218750	kGALVYVEADAANYVFERDDGSkGTTLSLVQk	DDGSK	4102.0541	4102.03955078125	5.0000000000000	1.2625124730844
		1	1	1.23220944278137
		1	2	1.24736095793288
		1	3	1.2625124730844
		1	4	1.19686466046951
		23	1	1.03022425292789
		23	2	1.04537576807941
		23	3	1.06052728323092
		23	4	0.994879470616039
Zybaylov_103012_Rim1_03.9148.9148.5	821.417297363281250	kGALVYVEADAANYVFERDDGSkGTTLSLVQk	DDGSK	4102.0541	4102.04736328125	5.0000000000000	1.12617509584581
		1	1	0.954466677170317
		1	2	0.969618192321832
		1	3	0.984769707473347
		1	4	0.919121894858463
		23	1	1.09587206554278
		23	2	1.11102358069429
		23	3	1.12617509584581
		23	4	1.06052728323092
Zybaylov_103012_Rim1_03.9119.9119.4	900.721374511718750	DINLLkNGkk	MSIVGRIGSEFTEHTSANNNR	3598.86838	3598.85424804688	4.0000000000000	0.902139381509631
		6	1	0.727530462058149
		6	10	0.801604536132223
		6	11	0.801604536132223
		6	12	0.75133711344352
		6	13	0.75133711344352
		6	14	0.75133711344352
		6	15	0.75133711344352
		6	16	0.801604536132223
		6	17	0.801604536132223
		6	18	0.801604536132223
		6	19	0.801604536132223
		6	2	0.746048980576668
		6	20	0.801604536132223
		6	3	0.764567499095186
		6	4	0.833353440302409
		6	5	0.902139381509631
		6	6	0.851871958820927
		6	7	0.851871958820927
		6	8	0.801604536132223
		6	9	0.801604536132223
		9	1	0.677263039369445
		9	10	0.75133711344352
		9	11	0.75133711344352
		9	12	0.701069690754816
		9	13	0.701069690754816
		9	14	0.701069690754816
		9	15	0.701069690754816
		9	16	0.75133711344352
		9	17	0.75133711344352
		9	18	0.75133711344352
		9	19	0.75133711344352
		9	2	0.695781557887964
		9	20	0.75133711344352
		9	3	0.714300076406483
		9	4	0.783086017613705
		9	5	0.851871958820927
		9	6	0.801604536132223
		9	7	0.801604536132223
		9	8	0.75133711344352
		9	9	0.75133711344352
Zybaylov_103012_Rim1_03.9124.9124.4	900.723876953125000	DINLLkNGkk	MSIVGRIGSEFTEHTSANNNR	3598.86838	3598.8642578125	4.0000000000000	0.650802268066112
		6	1	0.595246712510556
		6	10	0.600534845377408
		6	11	0.600534845377408
		6	12	0.600534845377408
		6	13	0.600534845377408
		6	14	0.650802268066112
		6	15	0.650802268066112
		6	16	0.650802268066112
		6	17	0.650802268066112
		6	18	0.650802268066112
		6	19	0.650802268066112
		6	2	0.613765231029075
		6	20	0.650802268066112
		6	3	0.563497808340371
		6	4	0.582016326858889
		6	5	0.600534845377408
		6	6	0.650802268066112
		6	7	0.600534845377408
		6	8	0.600534845377408
		6	9	0.600534845377408
		9	1	0.544979289821852
		9	10	0.550267422688704
		9	11	0.550267422688704
		9	12	0.550267422688704
		9	13	0.550267422688704
		9	14	0.600534845377408
		9	15	0.600534845377408
		9	16	0.600534845377408
		9	17	0.600534845377408
		9	18	0.600534845377408
		9	19	0.600534845377408
		9	2	0.563497808340371
		9	20	0.600534845377408
		9	3	0.513230385651667
		9	4	0.531748904170185
		9	5	0.550267422688704
		9	6	0.600534845377408
		9	7	0.550267422688704
		9	8	0.550267422688704
		9	9	0.550267422688704
Zybaylov_103012_Rim1_03.9993.9993.3	636.351989746093750	DINLLkNGkk	MDFSK	1906.03912	1906.03247070312	3.0000000000000	0.803030303030303
		6	1	0.803030303030303
		6	2	0.803030303030303
		6	3	0.727272727272727
		6	4	0.651515151515151
		9	1	0.772727272727273
		9	2	0.772727272727273
		9	3	0.696969696969697
		9	4	0.621212121212121
Zybaylov_103012_Rim1_03.9997.9997.3	636.354064941406250	DINLLkNGkk	MDFSK	1906.03912	1906.03869628906	3.0000000000000	0.621212121212121
		6	1	0.53030303030303
		6	2	0.575757575757576
		6	3	0.5
		6	4	0.5
		9	1	0.575757575757576
		9	2	0.621212121212121
		9	3	0.545454545454545
		9	4	0.545454545454545
Zybaylov_103012_Rim1_03.8492.8492.4	739.886291503906250	DINLLkNGkk	IGSEFTEHTSANNNR	2955.52078	2955.51391601562	4.0000000000000	0.799338193475001
		6	1	0.639470554780001
		6	10	0.710899126208572
		6	11	0.646269582751667
		6	12	0.646269582751667
		6	13	0.670079106561191
		6	14	0.605449563104286
		6	2	0.663280078589525
		6	3	0.687089602399049
		6	4	0.775528669665478
		6	5	0.710899126208572
		6	6	0.710899126208572
		6	7	0.710899126208572
		6	8	0.710899126208572
		6	9	0.710899126208572
		9	1	0.663280078589525
		9	10	0.734708650018096
		9	11	0.670079106561191
		9	12	0.670079106561191
		9	13	0.693888630370715
		9	14	0.62925908691381
		9	2	0.687089602399049
		9	3	0.710899126208572
		9	4	0.799338193475001
		9	5	0.734708650018096
		9	6	0.734708650018096
		9	7	0.734708650018096
		9	8	0.734708650018096
		9	9	0.734708650018096
Zybaylov_103012_Rim1_03.8501.8501.4	739.888732910156250	DINLLkNGkk	IGSEFTEHTSANNNR	2955.52078	2955.52368164062	4.0000000000000	0.863967736931906
		6	1	0.816348689312859
		6	10	0.693888630370715
		6	11	0.693888630370715
		6	12	0.62925908691381
		6	13	0.564629543456905
		6	14	0.564629543456905
		6	2	0.840158213122383
		6	3	0.863967736931906
		6	4	0.799338193475001
		6	5	0.823147717284525
		6	6	0.75851817382762
		6	7	0.75851817382762
		6	8	0.693888630370715
		6	9	0.693888630370715
		9	1	0.751719145855954
		9	10	0.62925908691381
		9	11	0.62925908691381
		9	12	0.564629543456905
		9	13	0.5
		9	14	0.5
		9	2	0.775528669665478
		9	3	0.799338193475001
		9	4	0.734708650018096
		9	5	0.75851817382762
		9	6	0.693888630370715
		9	7	0.693888630370715
		9	8	0.62925908691381
		9	9	0.62925908691381
Zybaylov_103012_Rim1_03.9606.9606.3	1447.745971679687500	DINLLkNGkk	DGQTNWYNITVFNEPQINFLTEYVR	4340.22756	4340.21435546875	3.0000000000000	0.0645161290322581
		6	1	0.032258064516129
		6	10	0.0483870967741935
		6	11	0.032258064516129
		6	12	0.0161290322580645
		6	13	0.0161290322580645
		6	14	0.0161290322580645
		6	15	0.0161290322580645
		6	16	0.0161290322580645
		6	17	0.0161290322580645
		6	18	0.0161290322580645
		6	19	0.0161290322580645
		6	2	0.0483870967741935
		6	20	0.0161290322580645
		6	21	0.0161290322580645
		6	22	0.0161290322580645
		6	23	0.0161290322580645
		6	24	0.0161290322580645
		6	3	0.0483870967741935
		6	4	0.0483870967741935
		6	5	0.0483870967741935
		6	6	0.0483870967741935
		6	7	0.0483870967741935
		6	8	0.0483870967741935
		6	9	0.0483870967741935
		9	1	0.0483870967741935
		9	10	0.0645161290322581
		9	11	0.0483870967741935
		9	12	0.032258064516129
		9	13	0.032258064516129
		9	14	0.032258064516129
		9	15	0.032258064516129
		9	16	0.032258064516129
		9	17	0.032258064516129
		9	18	0.032258064516129
		9	19	0.032258064516129
		9	2	0.0645161290322581
		9	20	0.032258064516129
		9	21	0.032258064516129
		9	22	0.032258064516129
		9	23	0.032258064516129
		9	24	0.032258064516129
		9	3	0.0645161290322581
		9	4	0.0645161290322581
		9	5	0.0645161290322581
		9	6	0.0645161290322581
		9	7	0.0645161290322581
		9	8	0.0645161290322581
		9	9	0.0645161290322581
Zybaylov_103012_Rim1_03.9617.9617.3	1447.744018554687500	DINLLkNGkk	DGQTNWYNITVFNEPQINFLTEYVR	4340.22756	4340.20849609375	3.0000000000000	0.0483870967741935
		6	1	0.0161290322580645
		6	10	0.032258064516129
		6	11	0.032258064516129
		6	12	0.0161290322580645
		6	13	0.032258064516129
		6	14	0.032258064516129
		6	15	0.032258064516129
		6	16	0.032258064516129
		6	17	0.032258064516129
		6	18	0.032258064516129
		6	19	0.032258064516129
		6	2	0.032258064516129
		6	20	0.032258064516129
		6	21	0.032258064516129
		6	22	0.032258064516129
		6	23	0.032258064516129
		6	24	0.032258064516129
		6	3	0.032258064516129
		6	4	0.032258064516129
		6	5	0.032258064516129
		6	6	0.032258064516129
		6	7	0.032258064516129
		6	8	0.032258064516129
		6	9	0.032258064516129
		9	1	0.032258064516129
		9	10	0.0483870967741935
		9	11	0.0483870967741935
		9	12	0.032258064516129
		9	13	0.0483870967741935
		9	14	0.0483870967741935
		9	15	0.0483870967741935
		9	16	0.0483870967741935
		9	17	0.0483870967741935
		9	18	0.0483870967741935
		9	19	0.0483870967741935
		9	2	0.0483870967741935
		9	20	0.0483870967741935
		9	21	0.0483870967741935
		9	22	0.0483870967741935
		9	23	0.0483870967741935
		9	24	0.0483870967741935
		9	3	0.0483870967741935
		9	4	0.0483870967741935
		9	5	0.0483870967741935
		9	6	0.0483870967741935
		9	7	0.0483870967741935
		9	8	0.0483870967741935
		9	9	0.0483870967741935
Zybaylov_103012_Rim1_03.9303.9303.4	1195.619995117187500	YLkYSIASQPR	GALVYVEADAANYVFERDDGSKGTTLSLVQK	4778.46018	4778.44873046875	4.0000000000000	0.0789473684210526
		3	1	0.0657894736842105
		3	10	0.0657894736842105
		3	11	0.0657894736842105
		3	12	0.0657894736842105
		3	13	0.0789473684210526
		3	14	0.0657894736842105
		3	15	0.0789473684210526
		3	16	0.0789473684210526
		3	17	0.0789473684210526
		3	18	0.0789473684210526
		3	19	0.0789473684210526
		3	2	0.0657894736842105
		3	20	0.0789473684210526
		3	21	0.0657894736842105
		3	22	0.0657894736842105
		3	23	0.0657894736842105
		3	24	0.0657894736842105
		3	25	0.0657894736842105
		3	26	0.0526315789473684
		3	27	0.0657894736842105
		3	28	0.0657894736842105
		3	29	0.0789473684210526
		3	3	0.0657894736842105
		3	30	0.0789473684210526
		3	4	0.0657894736842105
		3	5	0.0657894736842105
		3	6	0.0657894736842105
		3	7	0.0657894736842105
		3	8	0.0657894736842105
		3	9	0.0657894736842105
Zybaylov_103012_Rim1_03.9308.9308.4	1195.622192382812500	YLkYSIASQPR	GALVYVEADAANYVFERDDGSKGTTLSLVQK	4778.46018	4778.45751953125	4.0000000000000	0.268801074347106
		3	1	0.242485284873421
		3	10	0.233084747699869
		3	11	0.233084747699869
		3	12	0.219926852963026
		3	13	0.171052631578947
		3	14	0.157894736842105
		3	15	0.171052631578947
		3	16	0.171052631578947
		3	17	0.184210526315789
		3	18	0.184210526315789
		3	19	0.184210526315789
		3	2	0.242485284873421
		3	20	0.184210526315789
		3	21	0.171052631578947
		3	22	0.157894736842105
		3	23	0.157894736842105
		3	24	0.157894736842105
		3	25	0.144736842105263
		3	26	0.157894736842105
		3	27	0.157894736842105
		3	28	0.157894736842105
		3	29	0.171052631578947
		3	3	0.255643179610263
		3	30	0.171052631578947
		3	4	0.255643179610263
		3	5	0.255643179610263
		3	6	0.255643179610263
		3	7	0.255643179610263
		3	8	0.268801074347106
		3	9	0.233084747699869
Zybaylov_103012_Rim1_03.7665.7665.3	971.186401367187500	YLkYSIASQPR	DDGSKGTTLSLVQK	2910.54962	2910.53564453125	3.0000000000000	0.73015873015873
		3	1	0.531746031746032
		3	10	0.73015873015873
		3	11	0.73015873015873
		3	12	0.73015873015873
		3	13	0.73015873015873
		3	2	0.595238095238095
		3	3	0.595238095238095
		3	4	0.595238095238095
		3	5	0.658730158730159
		3	6	0.682539682539683
		3	7	0.682539682539683
		3	8	0.706349206349206
		3	9	0.73015873015873
Zybaylov_103012_Rim1_03.7852.7852.4	728.642944335937500	YLkYSIASQPR	DDGSKGTTLSLVQK	2910.54962	2910.54052734375	4.0000000000000	1.07486686314048
		3	1	0.98642779587405
		3	10	0.904787756579288
		3	11	0.904787756579288
		3	12	0.904787756579288
		3	13	0.840158213122383
		3	2	1.07486686314048
		3	3	1.01023731968357
		3	4	1.0340468434931
		3	5	0.969417300036193
		3	6	0.969417300036193
		3	7	0.969417300036193
		3	8	0.969417300036193
		3	9	0.904787756579288
Zybaylov_103012_Rim1_03.7856.7856.4	728.642883300781250	YLkYSIASQPR	DDGSKGTTLSLVQK	2910.54962	2910.54028320312	4.0000000000000	0.880978232769764
		3	1	0.744920117884287
		3	10	0.751719145855954
		3	11	0.751719145855954
		3	12	0.687089602399049
		3	13	0.687089602399049
		3	2	0.768729641693811
		3	3	0.768729641693811
		3	4	0.85716870896024
		3	5	0.880978232769764
		3	6	0.880978232769764
		3	7	0.816348689312859
		3	8	0.880978232769764
		3	9	0.816348689312859
Zybaylov_103012_Rim1_03.7898.7898.3	971.187988281250000	YLkYSIASQPR	DDGSKGTTLSLVQK	2910.54962	2910.54052734375	3.0000000000000	0.825396825396825
		3	1	0.563492063492063
		3	10	0.80952380952381
		3	11	0.80952380952381
		3	12	0.76984126984127
		3	13	0.76984126984127
		3	2	0.587301587301587
		3	3	0.650793650793651
		3	4	0.714285714285714
		3	5	0.738095238095238
		3	6	0.761904761904762
		3	7	0.801587301587302
		3	8	0.825396825396825
		3	9	0.785714285714286
Zybaylov_103012_Rim1_03.7901.7901.3	971.187133789062500	YLkYSIASQPR	DDGSKGTTLSLVQK	2910.54962	2910.53784179688	3.0000000000000	0.634920634920635
		3	1	0.484126984126984
		3	10	0.531746031746032
		3	11	0.531746031746032
		3	12	0.555555555555556
		3	13	0.515873015873016
		3	2	0.507936507936508
		3	3	0.507936507936508
		3	4	0.571428571428571
		3	5	0.634920634920635
		3	6	0.634920634920635
		3	7	0.595238095238095
		3	8	0.555555555555556
		3	9	0.531746031746032
Zybaylov_103012_Rim1_03.7958.7958.4	728.642517089843750	YLkYSIASQPR	DDGSKGTTLSLVQK	2910.54962	2910.53881835938	4.0000000000000	0.809549661341192
		3	1	0.785740137531668
		3	10	0.751719145855954
		3	11	0.751719145855954
		3	12	0.751719145855954
		3	13	0.751719145855954
		3	2	0.809549661341192
		3	3	0.744920117884287
		3	4	0.768729641693811
		3	5	0.792539165503335
		3	6	0.792539165503335
		3	7	0.792539165503335
		3	8	0.72790962204643
		3	9	0.72790962204643
Zybaylov_103012_Rim1_03.7960.7960.4	728.642761230468750	YLkYSIASQPR	DDGSKGTTLSLVQK	2910.54962	2910.53979492188	4.0000000000000	0.751719145855954
		3	1	0.680290574427382
		3	10	0.646269582751667
		3	11	0.646269582751667
		3	12	0.646269582751667
		3	13	0.646269582751667
		3	2	0.704100098236906
		3	3	0.639470554780001
		3	4	0.663280078589525
		3	5	0.751719145855954
		3	6	0.751719145855954
		3	7	0.687089602399049
		3	8	0.687089602399049
		3	9	0.622460058942144
Zybaylov_103012_Rim1_03.8073.8073.4	728.642700195312500	YLkYSIASQPR	DDGSKGTTLSLVQK	2910.54962	2910.53955078125	4.0000000000000	1.08166589111215
		3	1	1.01023731968357
		3	10	1.01703634765524
		3	11	1.01703634765524
		3	12	1.01703634765524
		3	13	1.01703634765524
		3	2	1.0340468434931
		3	3	0.969417300036193
		3	4	0.993226823845716
		3	5	1.01703634765524
		3	6	1.01703634765524
		3	7	1.08166589111215
		3	8	1.08166589111215
		3	9	1.01703634765524
Zybaylov_103012_Rim1_03.8077.8077.4	728.641906738281250	YLkYSIASQPR	DDGSKGTTLSLVQK	2910.54962	2910.53637695312	4.0000000000000	0.710899126208572
		3	1	0.551031487513572
		3	10	0.710899126208572
		3	11	0.710899126208572
		3	12	0.710899126208572
		3	13	0.646269582751667
		3	2	0.574841011323096
		3	3	0.510211467866191
		3	4	0.534020991675715
		3	5	0.557830515485239
		3	6	0.622460058942144
		3	7	0.622460058942144
		3	8	0.687089602399049
		3	9	0.687089602399049
Zybaylov_103012_Rim1_03.6286.6286.5	628.715393066406250	YLkYSIASQPR	IGSEFTEHTSANNNR	3138.5528	3138.53784179688	5.0000000000000	1.2877737513786
		3	1	1.24231920592406
		3	10	0.992358594611628
		3	11	0.992358594611628
		3	12	0.992358594611628
		3	13	0.992358594611628
		3	14	0.992358594611628
		3	2	1.26504647865133
		3	3	1.2877737513786
		3	4	1.18930203245628
		3	5	1.09083031353395
		3	6	0.992358594611628
		3	7	0.992358594611628
		3	8	0.992358594611628
		3	9	0.992358594611628
Zybaylov_103012_Rim1_03.6434.6434.5	628.715881347656250	YLkYSIASQPR	IGSEFTEHTSANNNR	3138.5528	3138.54028320312	5.0000000000000	1.34079092484638
		3	1	0.734795966598393
		3	10	1.34079092484638
		3	11	1.34079092484638
		3	12	1.34079092484638
		3	13	1.34079092484638
		3	14	1.34079092484638
		3	2	0.855994958247991
		3	3	0.977193949897589
		3	4	0.999921222624862
		3	5	1.12112021427446
		3	6	1.14384748700173
		3	7	1.24231920592406
		3	8	1.34079092484638
		3	9	1.34079092484638
Zybaylov_103012_Rim1_03.6437.6437.3	1047.189453125000000	YLkYSIASQPR	IGSEFTEHTSANNNR	3138.5528	3138.544921875	3.0000000000000	0.575757575757576
		3	1	0.431818181818182
		3	10	0.5
		3	11	0.5
		3	12	0.5
		3	13	0.462121212121212
		3	14	0.462121212121212
		3	2	0.454545454545455
		3	3	0.515151515151515
		3	4	0.553030303030303
		3	5	0.575757575757576
		3	6	0.575757575757576
		3	7	0.537878787878788
		3	8	0.477272727272727
		3	9	0.477272727272727
Zybaylov_103012_Rim1_03.6443.6443.4	785.642272949218750	YLkYSIASQPR	IGSEFTEHTSANNNR	3138.5528	3138.53784179688	4.0000000000000	1.07146382390682
		3	1	0.772751949462047
		3	10	1.00977198697068
		3	11	1.00977198697068
		3	12	1.03249925969796
		3	13	1.03249925969796
		3	14	1.03249925969796
		3	2	0.79547922218932
		3	3	0.879898331852729
		3	4	0.902625604580002
		3	5	0.987044714243411
		3	6	1.07146382390682
		3	7	1.07146382390682
		3	8	1.00977198697068
		3	9	1.00977198697068
Zybaylov_103012_Rim1_03.6553.6553.5	628.715698242187500	YLkYSIASQPR	IGSEFTEHTSANNNR	3138.5528	3138.53930664062	5.0000000000000	1.65893335434063
		3	1	1.15141011501497
		3	10	1.65893335434063
		3	11	1.65893335434063
		3	12	1.65893335434063
		3	13	1.65893335434063
		3	14	1.56046163541831
		3	2	1.27260910666457
		3	3	1.29533637939184
		3	4	1.41653537104144
		3	5	1.53773436269104
		3	6	1.65893335434063
		3	7	1.65893335434063
		3	8	1.56046163541831
		3	9	1.56046163541831
Zybaylov_103012_Rim1_03.8146.8146.4	603.092956542968750	YLkYSIASQPR	GTTLSLVQK	2408.34725	2408.34057617188	4.0000000000000	1.09378393051031
		3	1	1.06253393051031
		3	2	1.09378393051031
		3	3	1.00895765472313
		3	4	1.04020765472313
		3	5	0.955381378935939
		3	6	0.870555103148751
		3	7	0.870555103148751
		3	8	0.870555103148751
Zybaylov_103012_Rim1_03.8152.8152.4	603.093261718750000	YLkYSIASQPR	GTTLSLVQK	2408.34725	2408.341796875	4.0000000000000	1.12503393051031
		3	1	0.946457654723127
		3	2	1.06253393051031
		3	3	1.09378393051031
		3	4	1.12503393051031
		3	5	1.04020765472313
		3	6	1.12503393051031
		3	7	1.12503393051031
		3	8	1.12503393051031
Zybaylov_103012_Rim1_03.9255.9255.4	900.968383789062500	kGALVYVEADAANYVFER	DDGSKGTTLSLVQK	3599.85173	3599.84228515625	4.0000000000000	1.12503877772607
		1	1	1.08932449201179
		1	10	0.852062975027144
		1	11	0.803590817434466
		1	12	0.803590817434466
		1	13	0.755118659841787
		1	2	1.10718163486893
		1	3	1.12503877772607
		1	4	1.0765666201334
		1	5	1.09442376299054
		1	6	1.04595160539786
		1	7	0.997479447805181
		1	8	0.949007290212502
		1	9	0.900535132619823
Zybaylov_103012_Rim1_03.9260.9260.4	900.968994140625000	kGALVYVEADAANYVFER	DDGSKGTTLSLVQK	3599.85173	3599.8447265625	4.0000000000000	1.10718163486893
		1	1	0.903094462540717
		1	10	1.01023731968357
		1	11	0.961765162090895
		1	12	0.913293004498216
		1	13	0.864820846905537
		1	2	0.969423762990538
		1	3	0.987280905847681
		1	4	1.00513804870482
		1	5	1.07146734915465
		1	6	1.08932449201179
		1	7	1.08932449201179
		1	8	1.10718163486893
		1	9	1.05870947727625
Zybaylov_103012_Rim1_03.9261.9261.3	1200.955810546875000	kGALVYVEADAANYVFER	DDGSKGTTLSLVQK	3599.85173	3599.84399414062	3.0000000000000	0.422619047619048
		1	1	0.208333333333333
		1	10	0.404761904761905
		1	11	0.404761904761905
		1	12	0.404761904761905
		1	13	0.422619047619048
		1	2	0.255952380952381
		1	3	0.303571428571429
		1	4	0.351190476190476
		1	5	0.369047619047619
		1	6	0.369047619047619
		1	7	0.386904761904762
		1	8	0.386904761904762
		1	9	0.404761904761905
Zybaylov_103012_Rim1_03.9389.9389.4	900.968566894531250	kGALVYVEADAANYVFER	DDGSKGTTLSLVQK	3599.85173	3599.84301757812	4.0000000000000	0.979622304948038
		1	1	0.908193733519466
		1	10	0.834205832170002
		1	11	0.785733674577323
		1	12	0.785733674577323
		1	13	0.785733674577323
		1	2	0.974523033969288
		1	3	0.926050876376609
		1	4	0.943908019233752
		1	5	0.961765162090895
		1	6	0.913293004498216
		1	7	0.979622304948038
		1	8	0.931150147355359
		1	9	0.88267798976268
Zybaylov_103012_Rim1_03.9560.9560.4	900.968139648437500	kGALVYVEADAANYVFER	DDGSKGTTLSLVQK	3599.85173	3599.84130859375	4.0000000000000	0.864820846905537
		1	1	0.798491546455716
		1	10	0.755118659841787
		1	11	0.706646502249108
		1	12	0.706646502249108
		1	13	0.706646502249108
		1	2	0.864820846905537
		1	3	0.816348689312859
		1	4	0.834205832170002
		1	5	0.852062975027144
		1	6	0.803590817434466
		1	7	0.803590817434466
		1	8	0.755118659841787
		1	9	0.755118659841787
Zybaylov_103012_Rim1_03.10301.10301.4	900.969604492187500	kGALVYVEADAANYVFER	DDGSKGTTLSLVQK	3599.85173	3599.84716796875	4.0000000000000	0.979622304948038
		1	1	0.961765162090895
		1	10	0.755118659841787
		1	11	0.755118659841787
		1	12	0.755118659841787
		1	13	0.755118659841787
		1	2	0.979622304948038
		1	3	0.931150147355359
		1	4	0.88267798976268
		1	5	0.900535132619823
		1	6	0.852062975027144
		1	7	0.852062975027144
		1	8	0.803590817434466
		1	9	0.755118659841787
Zybaylov_103012_Rim1_03.10413.10413.4	900.969543457031250	kGALVYVEADAANYVFER	DDGSKGTTLSLVQK	3599.85173	3599.84692382812	4.0000000000000	1.01023731968357
		1	1	0.943908019233752
		1	10	0.834205832170002
		1	11	0.785733674577323
		1	12	0.785733674577323
		1	13	0.785733674577323
		1	2	1.01023731968357
		1	3	0.961765162090895
		1	4	0.913293004498216
		1	5	0.979622304948038
		1	6	0.931150147355359
		1	7	0.931150147355359
		1	8	0.931150147355359
		1	9	0.88267798976268
Zybaylov_103012_Rim1_03.10416.10416.4	900.967163085937500	kGALVYVEADAANYVFER	DDGSKGTTLSLVQK	3599.85173	3599.83740234375	4.0000000000000	1.04595160539786
		1	1	0.961765162090895
		1	10	0.949007290212502
		1	11	0.900535132619823
		1	12	0.900535132619823
		1	13	0.900535132619823
		1	2	0.979622304948038
		1	3	1.02809446254072
		1	4	1.02809446254072
		1	5	1.04595160539786
		1	6	1.04595160539786
		1	7	1.04595160539786
		1	8	0.997479447805181
		1	9	0.997479447805181
Zybaylov_103012_Rim1_03.10523.10523.4	900.966979980468750	kGALVYVEADAANYVFER	DDGSKGTTLSLVQK	3599.85173	3599.83666992188	4.0000000000000	1.09442376299054
		1	1	0.87757871878393
		1	10	0.997479447805181
		1	11	0.949007290212502
		1	12	0.949007290212502
		1	13	0.949007290212502
		1	2	0.943908019233752
		1	3	0.961765162090895
		1	4	1.02809446254072
		1	5	1.09442376299054
		1	6	1.09442376299054
		1	7	1.04595160539786
		1	8	1.04595160539786
		1	9	0.997479447805181
Zybaylov_103012_Rim1_03.10526.10526.4	900.968811035156250	kGALVYVEADAANYVFER	DDGSKGTTLSLVQK	3599.85173	3599.84399414062	4.0000000000000	0.803590817434466
		1	1	0.780634403598573
		1	10	0.803590817434466
		1	11	0.755118659841787
		1	12	0.755118659841787
		1	13	0.755118659841787
		1	2	0.798491546455716
		1	3	0.750019388863037
		1	4	0.76787653172018
		1	5	0.785733674577323
		1	6	0.785733674577323
		1	7	0.803590817434466
		1	8	0.803590817434466
		1	9	0.803590817434466
Zybaylov_103012_Rim1_03.10605.10605.4	900.971862792968750	kGALVYVEADAANYVFER	DDGSKGTTLSLVQK	3599.85173	3599.85620117188	4.0000000000000	1.02809446254072
		1	1	0.961765162090895
		1	10	0.77297580269893
		1	11	0.77297580269893
		1	12	0.77297580269893
		1	13	0.77297580269893
		1	2	1.02809446254072
		1	3	0.979622304948038
		1	4	0.997479447805181
		1	5	1.01533659066232
		1	6	0.966864433069645
		1	7	0.918392275476966
		1	8	0.869920117884287
		1	9	0.821447960291608
Zybaylov_103012_Rim1_03.10610.10610.4	900.968139648437500	kGALVYVEADAANYVFER	DDGSKGTTLSLVQK	3599.85173	3599.84130859375	4.0000000000000	0.913293004498216
		1	1	0.660733674577323
		1	10	0.864820846905537
		1	11	0.816348689312859
		1	12	0.816348689312859
		1	13	0.816348689312859
		1	2	0.727062975027144
		1	3	0.744920117884287
		1	4	0.76277726074143
		1	5	0.829106561191252
		1	6	0.829106561191252
		1	7	0.895435861641073
		1	8	0.913293004498216
		1	9	0.913293004498216
Zybaylov_103012_Rim1_03.10742.10742.4	900.970092773437500	kGALVYVEADAANYVFER	DDGSKGTTLSLVQK	3599.85173	3599.84912109375	4.0000000000000	0.949007290212502
		1	1	0.829106561191252
		1	10	0.755118659841787
		1	11	0.706646502249108
		1	12	0.706646502249108
		1	13	0.706646502249108
		1	2	0.846963704048395
		1	3	0.864820846905537
		1	4	0.88267798976268
		1	5	0.949007290212502
		1	6	0.900535132619823
		1	7	0.852062975027144
		1	8	0.803590817434466
		1	9	0.755118659841787
Zybaylov_103012_Rim1_03.10753.10753.4	900.969421386718750	kGALVYVEADAANYVFER	DDGSKGTTLSLVQK	3599.85173	3599.84643554688	4.0000000000000	0.834205832170002
		1	1	0.76277726074143
		1	10	0.688789359391965
		1	11	0.688789359391965
		1	12	0.688789359391965
		1	13	0.688789359391965
		1	2	0.829106561191252
		1	3	0.780634403598573
		1	4	0.798491546455716
		1	5	0.816348689312859
		1	6	0.76787653172018
		1	7	0.834205832170002
		1	8	0.785733674577323
		1	9	0.737261516984644
Zybaylov_103012_Rim1_03.10892.10892.4	900.970397949218750	kGALVYVEADAANYVFER	DDGSKGTTLSLVQK	3599.85173	3599.85034179688	4.0000000000000	0.992380176826431
		1	1	0.926050876376609
		1	10	0.846963704048395
		1	11	0.895435861641073
		1	12	0.846963704048395
		1	13	0.846963704048395
		1	2	0.992380176826431
		1	3	0.943908019233752
		1	4	0.895435861641073
		1	5	0.913293004498216
		1	6	0.913293004498216
		1	7	0.895435861641073
		1	8	0.895435861641073
		1	9	0.895435861641073
Zybaylov_103012_Rim1_03.8498.8498.5	959.660522460937500	kGALVYVEADAANYVFER	KLEDAEGQENAASSELEHHHHHH	4793.26531	4793.263671875	5.0000000000000	1.04044685933767
		1	1	0.612557965244274
		1	10	0.90081502646494
		1	11	0.90081502646494
		1	12	0.914328539978453
		1	13	0.927842053491967
		1	14	0.927842053491967
		1	15	0.999906318797133
		1	16	1.01341983231065
		1	17	1.01341983231065
		1	18	1.01341983231065
		1	19	1.02693334582416
		1	2	0.612557965244274
		1	20	1.02693334582416
		1	21	1.04044685933767
		1	22	0.981896107546021
		1	3	0.68462223054944
		1	4	0.756686495854607
		1	5	0.828750761159773
		1	6	0.828750761159773
		1	7	0.842264274673287
		1	8	0.842264274673287
		1	9	0.90081502646494
Zybaylov_103012_Rim1_03.8509.8509.5	959.659484863281250	kGALVYVEADAANYVFER	KLEDAEGQENAASSELEHHHHHH	4793.26531	4793.25830078125	5.0000000000000	0.810740549908661
		1	1	0.68462223054944
		1	10	0.725162771089981
		1	11	0.653098505784814
		1	12	0.711649257576467
		1	13	0.725162771089981
		1	14	0.738676284603494
		1	15	0.810740549908661
		1	16	0.752189798117008
		1	17	0.752189798117008
		1	18	0.752189798117008
		1	19	0.752189798117008
		1	2	0.68462223054944
		1	20	0.752189798117008
		1	21	0.752189798117008
		1	22	0.693639046325355
		1	3	0.68462223054944
		1	4	0.68462223054944
		1	5	0.756686495854607
		1	6	0.756686495854607
		1	7	0.77020000936812
		1	8	0.77020000936812
		1	9	0.783713522881634
Zybaylov_103012_Rim1_03.8512.8512.6	799.884643554687500	kGALVYVEADAANYVFER	KLEDAEGQENAASSELEHHHHHH	4793.26531	4793.2607421875	6.0000000000000	1.35573094758537
		1	1	0.968382594032507
		1	10	1.29718019579371
		1	11	1.29718019579371
		1	12	1.29718019579371
		1	13	1.31069370930723
		1	14	1.25214295751557
		1	15	1.19359220572392
		1	16	1.13504145393227
		1	17	1.13504145393227
		1	18	1.13504145393227
		1	19	1.13504145393227
		1	2	1.04044685933767
		1	20	1.13504145393227
		1	21	1.13504145393227
		1	22	1.13504145393227
		1	3	1.11251112464284
		1	4	1.18457538994801
		1	5	1.19808890346152
		1	6	1.21160241697503
		1	7	1.2836666822802
		1	8	1.34221743407185
		1	9	1.35573094758537
Zybaylov_103012_Rim1_03.8518.8518.6	799.885009765625000	kGALVYVEADAANYVFER	KLEDAEGQENAASSELEHHHHHH	4793.26531	4793.26318359375	6.0000000000000	1.41428169937702
		1	1	1.22961262822615
		1	10	1.31069370930723
		1	11	1.36924446109888
		1	12	1.36924446109888
		1	13	1.38275797461239
		1	14	1.32420722282074
		1	15	1.32420722282074
		1	16	1.32420722282074
		1	17	1.32420722282074
		1	18	1.32420722282074
		1	19	1.32420722282074
		1	2	1.24312614173966
		1	20	1.32420722282074
		1	21	1.32420722282074
		1	22	1.32420722282074
		1	3	1.25663965525317
		1	4	1.27015316876669
		1	5	1.34221743407185
		1	6	1.41428169937702
		1	7	1.35573094758537
		1	8	1.35573094758537
		1	9	1.36924446109888
Zybaylov_103012_Rim1_03.8526.8526.7	685.759887695312500	kGALVYVEADAANYVFER	KLEDAEGQENAASSELEHHHHHH	4793.26531	4793.2646484375	7.0000000000000	1.10351772916764
		1	1	1.07649070214062
		1	10	0.99992973909785
		1	11	0.99992973909785
		1	12	0.99992973909785
		1	13	0.941378987306197
		1	14	0.941378987306197
		1	15	0.941378987306197
		1	16	0.941378987306197
		1	17	0.99992973909785
		1	18	0.99992973909785
		1	19	0.99992973909785
		1	2	1.09000421565413
		1	20	0.99992973909785
		1	21	0.99992973909785
		1	22	0.99992973909785
		1	3	1.10351772916764
		1	4	1.04496697737599
		1	5	0.986416225584337
		1	6	0.986416225584337
		1	7	0.986416225584337
		1	8	0.927865473792683
		1	9	0.99992973909785
Zybaylov_103012_Rim1_03.8533.8533.7	685.758850097656250	kGALVYVEADAANYVFER	KLEDAEGQENAASSELEHHHHHH	4793.26531	4793.25732421875	7.0000000000000	1.2791699845426
		1	1	1.18007869221041
		1	10	1.10351772916764
		1	11	1.10351772916764
		1	12	1.1620684809593
		1	13	1.1620684809593
		1	14	1.10351772916764
		1	15	1.10351772916764
		1	16	1.04496697737599
		1	17	1.04496697737599
		1	18	1.04496697737599
		1	19	1.04496697737599
		1	2	1.19359220572392
		1	20	1.04496697737599
		1	21	1.04496697737599
		1	22	1.04496697737599
		1	3	1.20710571923744
		1	4	1.26565647102909
		1	5	1.2791699845426
		1	6	1.2791699845426
		1	7	1.2791699845426
		1	8	1.22061923275095
		1	9	1.1620684809593
Zybaylov_103012_Rim1_03.9331.9331.4	669.083068847656250	kGALVYVEADAANYVFER	DDGSK	2672.31276	2672.30102539062	4.0000000000000	0.556403223041317
		1	1	0.477455854620264
		1	2	0.503771644093948
		1	3	0.530087433567632
		1	4	0.556403223041317
Zybaylov_103012_Rim1_03.10873.10873.3	891.776000976562500	kGALVYVEADAANYVFER	DDGSK	2672.31276	2672.30444335937	3.0000000000000	0.307017543859649
		1	1	0.228070175438596
		1	2	0.254385964912281
		1	3	0.280701754385965
		1	4	0.307017543859649
Zybaylov_103012_Rim1_03.9144.9144.5	821.415710449218750	DDGSkGTTLSLVQk	KGALVYVEADAANYVFERDDGSK	4102.0541	4102.03955078125	5.0000000000000	1.42411112861719
		5	1	1.31300877054777
		5	10	1.17667139330917
		5	11	1.17667139330917
		5	12	1.19182290846069
		5	13	1.12617509584581
		5	14	1.12617509584581
		5	15	1.12617509584581
		5	16	1.12617509584581
		5	17	1.06052728323092
		5	18	0.994879470616039
		5	19	0.929231658001155
		5	2	1.32816028569928
		5	20	0.929231658001155
		5	21	0.929231658001155
		5	22	0.929231658001155
		5	3	1.3433118008508
		5	4	1.42411112861719
		5	5	1.35846331600231
		5	6	1.29281550338743
		5	7	1.22716769077254
		5	8	1.24231920592406
		5	9	1.24231920592406
Zybaylov_103012_Rim1_03.9148.9148.5	821.417297363281250	DDGSkGTTLSLVQk	KGALVYVEADAANYVFERDDGSK	4102.0541	4102.04736328125	5.0000000000000	1.40895961346568
		5	1	1.36350506801113
		5	10	1.22716769077254
		5	11	1.16151987815766
		5	12	1.17667139330917
		5	13	1.11102358069429
		5	14	1.11102358069429
		5	15	1.04537576807941
		5	16	1.04537576807941
		5	17	1.04537576807941
		5	18	0.979727955464524
		5	19	0.979727955464524
		5	2	1.37865658316265
		5	20	0.91408014284964
		5	21	0.91408014284964
		5	22	0.91408014284964
		5	3	1.39380809831416
		5	4	1.40895961346568
		5	5	1.40895961346568
		5	6	1.3433118008508
		5	7	1.27766398823591
		5	8	1.29281550338743
		5	9	1.29281550338743
Zybaylov_103012_Rim1_03.7665.7665.3	971.186401367187500	DDGSkGTTLSLVQk	YLKYSIASQPR	2910.54962	2910.53564453125	3.0000000000000	0.682539682539683
		5	1	0.531746031746032
		5	10	0.563492063492063
		5	2	0.595238095238095
		5	3	0.658730158730159
		5	4	0.682539682539683
		5	5	0.642857142857143
		5	6	0.642857142857143
		5	7	0.603174603174603
		5	8	0.603174603174603
		5	9	0.563492063492063
Zybaylov_103012_Rim1_03.7852.7852.4	728.642944335937500	DDGSkGTTLSLVQk	YLKYSIASQPR	2910.54962	2910.54052734375	4.0000000000000	1.05785636730262
		5	1	0.792539165503335
		5	10	0.904787756579288
		5	2	0.880978232769764
		5	3	0.969417300036193
		5	4	1.05785636730262
		5	5	0.993226823845716
		5	6	0.993226823845716
		5	7	0.904787756579288
		5	8	0.904787756579288
		5	9	0.904787756579288
Zybaylov_103012_Rim1_03.7856.7856.4	728.642883300781250	DDGSkGTTLSLVQk	YLKYSIASQPR	2910.54962	2910.54028320312	4.0000000000000	0.993226823845716
		5	1	0.833359185150716
		5	10	0.952406804198335
		5	2	0.85716870896024
		5	3	0.880978232769764
		5	4	0.969417300036193
		5	5	0.993226823845716
		5	6	0.993226823845716
		5	7	0.928597280388811
		5	8	0.928597280388811
		5	9	0.952406804198335
Zybaylov_103012_Rim1_03.7898.7898.3	971.187988281250000	DDGSkGTTLSLVQk	YLKYSIASQPR	2910.54962	2910.54052734375	3.0000000000000	0.825396825396825
		5	1	0.674603174603175
		5	10	0.619047619047619
		5	2	0.698412698412698
		5	3	0.761904761904762
		5	4	0.825396825396825
		5	5	0.761904761904762
		5	6	0.722222222222222
		5	7	0.722222222222222
		5	8	0.682539682539683
		5	9	0.642857142857143
Zybaylov_103012_Rim1_03.7901.7901.3	971.187133789062500	DDGSkGTTLSLVQk	YLKYSIASQPR	2910.54962	2910.53784179688	3.0000000000000	0.682539682539683
		5	1	0.571428571428571
		5	10	0.682539682539683
		5	2	0.595238095238095
		5	3	0.658730158730159
		5	4	0.658730158730159
		5	5	0.682539682539683
		5	6	0.682539682539683
		5	7	0.658730158730159
		5	8	0.658730158730159
		5	9	0.682539682539683
Zybaylov_103012_Rim1_03.7958.7958.4	728.642517089843750	DDGSkGTTLSLVQk	YLKYSIASQPR	2910.54962	2910.53881835938	4.0000000000000	0.880978232769764
		5	1	0.680290574427382
		5	10	0.799338193475001
		5	2	0.704100098236906
		5	3	0.792539165503335
		5	4	0.880978232769764
		5	5	0.816348689312859
		5	6	0.840158213122383
		5	7	0.775528669665478
		5	8	0.775528669665478
		5	9	0.799338193475001
Zybaylov_103012_Rim1_03.7960.7960.4	728.642761230468750	DDGSkGTTLSLVQk	YLKYSIASQPR	2910.54962	2910.53979492188	4.0000000000000	0.840158213122383
		5	1	0.704100098236906
		5	10	0.799338193475001
		5	2	0.72790962204643
		5	3	0.751719145855954
		5	4	0.840158213122383
		5	5	0.840158213122383
		5	6	0.840158213122383
		5	7	0.775528669665478
		5	8	0.775528669665478
		5	9	0.799338193475001
Zybaylov_103012_Rim1_03.8073.8073.4	728.642700195312500	DDGSkGTTLSLVQk	YLKYSIASQPR	2910.54962	2910.53955078125	4.0000000000000	1.10547541492167
		5	1	0.993226823845716
		5	10	0.846957241094049
		5	2	1.01703634765524
		5	3	1.10547541492167
		5	4	1.10547541492167
		5	5	1.04084587146476
		5	6	0.976216328007859
		5	7	0.911586784550954
		5	8	0.911586784550954
		5	9	0.911586784550954
Zybaylov_103012_Rim1_03.8077.8077.4	728.641906738281250	DDGSkGTTLSLVQk	YLKYSIASQPR	2910.54962	2910.53637695312	4.0000000000000	0.693888630370715
		5	1	0.59865053513262
		5	10	0.693888630370715
		5	2	0.622460058942144
		5	3	0.646269582751667
		5	4	0.646269582751667
		5	5	0.670079106561191
		5	6	0.670079106561191
		5	7	0.670079106561191
		5	8	0.670079106561191
		5	9	0.693888630370715
Zybaylov_103012_Rim1_03.9255.9255.4	900.968383789062500	DDGSkGTTLSLVQk	KGALVYVEADAANYVFER	3599.85173	3599.84228515625	4.0000000000000	1.13013804870482
		5	1	1.0765666201334
		5	10	0.984721575926788
		5	11	0.984721575926788
		5	12	1.03319373351947
		5	13	1.03319373351947
		5	14	1.03319373351947
		5	15	1.03319373351947
		5	16	1.03319373351947
		5	17	1.03319373351947
		5	2	1.09442376299054
		5	3	1.11228090584768
		5	4	1.13013804870482
		5	5	1.13013804870482
		5	6	1.08166589111215
		5	7	1.03319373351947
		5	8	0.984721575926788
		5	9	0.984721575926788
Zybaylov_103012_Rim1_03.9260.9260.4	900.968994140625000	DDGSkGTTLSLVQk	KGALVYVEADAANYVFER	3599.85173	3599.8447265625	4.0000000000000	1.23984023576857
		5	1	1.0536102062975
		5	10	1.1913680781759
		5	11	1.1913680781759
		5	12	1.14289592058322
		5	13	1.14289592058322
		5	14	1.14289592058322
		5	15	1.09442376299054
		5	16	1.09442376299054
		5	17	1.04595160539786
		5	2	1.11993950674732
		5	3	1.13779664960447
		5	4	1.15565379246161
		5	5	1.15565379246161
		5	6	1.22198309291143
		5	7	1.22198309291143
		5	8	1.23984023576857
		5	9	1.23984023576857
Zybaylov_103012_Rim1_03.9261.9261.3	1200.955810546875000	DDGSkGTTLSLVQk	KGALVYVEADAANYVFER	3599.85173	3599.84399414062	3.0000000000000	0.529761904761905
		5	1	0.351190476190476
		5	10	0.511904761904762
		5	11	0.511904761904762
		5	12	0.511904761904762
		5	13	0.529761904761905
		5	14	0.529761904761905
		5	15	0.529761904761905
		5	16	0.5
		5	17	0.5
		5	2	0.351190476190476
		5	3	0.351190476190476
		5	4	0.369047619047619
		5	5	0.416666666666667
		5	6	0.464285714285714
		5	7	0.464285714285714
		5	8	0.464285714285714
		5	9	0.511904761904762
Zybaylov_103012_Rim1_03.9389.9389.4	900.968566894531250	DDGSkGTTLSLVQk	KGALVYVEADAANYVFER	3599.85173	3599.84301757812	4.0000000000000	1.063808748255
		5	1	0.943908019233752
		5	10	1.01533659066232
		5	11	0.966864433069645
		5	12	0.966864433069645
		5	13	0.966864433069645
		5	14	0.966864433069645
		5	15	0.966864433069645
		5	16	0.966864433069645
		5	17	0.918392275476966
		5	2	0.961765162090895
		5	3	0.979622304948038
		5	4	1.04595160539786
		5	5	0.997479447805181
		5	6	1.01533659066232
		5	7	1.01533659066232
		5	8	1.01533659066232
		5	9	1.063808748255
Zybaylov_103012_Rim1_03.9560.9560.4	900.968139648437500	DDGSkGTTLSLVQk	KGALVYVEADAANYVFER	3599.85173	3599.84130859375	4.0000000000000	0.88777726074143
		5	1	0.834205832170002
		5	10	0.790832945556073
		5	11	0.790832945556073
		5	12	0.790832945556073
		5	13	0.790832945556073
		5	14	0.790832945556073
		5	15	0.790832945556073
		5	16	0.790832945556073
		5	17	0.790832945556073
		5	2	0.852062975027144
		5	3	0.869920117884287
		5	4	0.88777726074143
		5	5	0.88777726074143
		5	6	0.88777726074143
		5	7	0.88777726074143
		5	8	0.839305103148751
		5	9	0.790832945556073
Zybaylov_103012_Rim1_03.10301.10301.4	900.969604492187500	DDGSkGTTLSLVQk	KGALVYVEADAANYVFER	3599.85173	3599.84716796875	4.0000000000000	0.984721575926788
		5	1	0.88267798976268
		5	10	0.839305103148751
		5	11	0.839305103148751
		5	12	0.790832945556073
		5	13	0.790832945556073
		5	14	0.790832945556073
		5	15	0.790832945556073
		5	16	0.790832945556073
		5	17	0.790832945556073
		5	2	0.900535132619823
		5	3	0.966864433069645
		5	4	0.984721575926788
		5	5	0.936249418334109
		5	6	0.88777726074143
		5	7	0.839305103148751
		5	8	0.839305103148751
		5	9	0.839305103148751
Zybaylov_103012_Rim1_03.10413.10413.4	900.969543457031250	DDGSkGTTLSLVQk	KGALVYVEADAANYVFER	3599.85173	3599.84692382812	4.0000000000000	1.01533659066232
		5	1	0.961765162090895
		5	10	0.88777726074143
		5	11	0.88777726074143
		5	12	0.88777726074143
		5	13	0.88777726074143
		5	14	0.88777726074143
		5	15	0.88777726074143
		5	16	0.88777726074143
		5	17	0.88777726074143
		5	2	0.979622304948038
		5	3	0.997479447805181
		5	4	1.01533659066232
		5	5	0.966864433069645
		5	6	0.918392275476966
		5	7	0.869920117884287
		5	8	0.936249418334109
		5	9	0.936249418334109
Zybaylov_103012_Rim1_03.10416.10416.4	900.967163085937500	DDGSkGTTLSLVQk	KGALVYVEADAANYVFER	3599.85173	3599.83740234375	4.0000000000000	1.063808748255
		5	1	1.02809446254072
		5	10	0.839305103148751
		5	11	0.839305103148751
		5	12	0.839305103148751
		5	13	0.839305103148751
		5	14	0.839305103148751
		5	15	0.839305103148751
		5	16	0.839305103148751
		5	17	0.790832945556073
		5	2	1.04595160539786
		5	3	1.063808748255
		5	4	1.01533659066232
		5	5	0.966864433069645
		5	6	0.984721575926788
		5	7	0.936249418334109
		5	8	0.88777726074143
		5	9	0.88777726074143
Zybaylov_103012_Rim1_03.10523.10523.4	900.966979980468750	DDGSkGTTLSLVQk	KGALVYVEADAANYVFER	3599.85173	3599.83666992188	4.0000000000000	1.13013804870482
		5	1	1.0765666201334
		5	10	0.984721575926788
		5	11	0.984721575926788
		5	12	0.936249418334109
		5	13	0.936249418334109
		5	14	0.936249418334109
		5	15	0.936249418334109
		5	16	0.936249418334109
		5	17	0.88777726074143
		5	2	1.09442376299054
		5	3	1.11228090584768
		5	4	1.13013804870482
		5	5	1.08166589111215
		5	6	1.08166589111215
		5	7	1.03319373351947
		5	8	1.03319373351947
		5	9	1.03319373351947
Zybaylov_103012_Rim1_03.10526.10526.4	900.968811035156250	DDGSkGTTLSLVQk	KGALVYVEADAANYVFER	3599.85173	3599.84399414062	4.0000000000000	0.869920117884287
		5	1	0.76787653172018
		5	10	0.724503645106251
		5	11	0.724503645106251
		5	12	0.724503645106251
		5	13	0.724503645106251
		5	14	0.724503645106251
		5	15	0.724503645106251
		5	16	0.724503645106251
		5	17	0.676031487513572
		5	2	0.785733674577323
		5	3	0.852062975027144
		5	4	0.869920117884287
		5	5	0.821447960291608
		5	6	0.77297580269893
		5	7	0.724503645106251
		5	8	0.724503645106251
		5	9	0.724503645106251
Zybaylov_103012_Rim1_03.10605.10605.4	900.971862792968750	DDGSkGTTLSLVQk	KGALVYVEADAANYVFER	3599.85173	3599.85620117188	4.0000000000000	1.03319373351947
		5	1	0.997479447805181
		5	10	0.839305103148751
		5	11	0.839305103148751
		5	12	0.839305103148751
		5	13	0.839305103148751
		5	14	0.839305103148751
		5	15	0.790832945556073
		5	16	0.790832945556073
		5	17	0.790832945556073
		5	2	1.01533659066232
		5	3	1.03319373351947
		5	4	0.984721575926788
		5	5	0.936249418334109
		5	6	0.936249418334109
		5	7	0.88777726074143
		5	8	0.88777726074143
		5	9	0.88777726074143
Zybaylov_103012_Rim1_03.10610.10610.4	900.968139648437500	DDGSkGTTLSLVQk	KGALVYVEADAANYVFER	3599.85173	3599.84130859375	4.0000000000000	0.864820846905537
		5	1	0.811249418334109
		5	10	0.737261516984644
		5	11	0.737261516984644
		5	12	0.737261516984644
		5	13	0.737261516984644
		5	14	0.737261516984644
		5	15	0.755118659841787
		5	16	0.755118659841787
		5	17	0.755118659841787
		5	2	0.829106561191252
		5	3	0.846963704048395
		5	4	0.864820846905537
		5	5	0.816348689312859
		5	6	0.834205832170002
		5	7	0.785733674577323
		5	8	0.737261516984644
		5	9	0.737261516984644
Zybaylov_103012_Rim1_03.10742.10742.4	900.970092773437500	DDGSkGTTLSLVQk	KGALVYVEADAANYVFER	3599.85173	3599.84912109375	4.0000000000000	1.03319373351947
		5	1	0.931150147355359
		5	10	0.936249418334109
		5	11	0.936249418334109
		5	12	0.918392275476966
		5	13	0.918392275476966
		5	14	0.918392275476966
		5	15	0.900535132619823
		5	16	0.852062975027144
		5	17	0.852062975027144
		5	2	0.949007290212502
		5	3	1.01533659066232
		5	4	1.03319373351947
		5	5	1.03319373351947
		5	6	0.984721575926788
		5	7	0.936249418334109
		5	8	0.936249418334109
		5	9	0.936249418334109
Zybaylov_103012_Rim1_03.10753.10753.4	900.969421386718750	DDGSkGTTLSLVQk	KGALVYVEADAANYVFER	3599.85173	3599.84643554688	4.0000000000000	0.900535132619823
		5	1	0.798491546455716
		5	10	0.821447960291608
		5	11	0.821447960291608
		5	12	0.821447960291608
		5	13	0.821447960291608
		5	14	0.821447960291608
		5	15	0.869920117884287
		5	16	0.869920117884287
		5	17	0.869920117884287
		5	2	0.816348689312859
		5	3	0.834205832170002
		5	4	0.900535132619823
		5	5	0.852062975027144
		5	6	0.869920117884287
		5	7	0.821447960291608
		5	8	0.821447960291608
		5	9	0.869920117884287
Zybaylov_103012_Rim1_03.10892.10892.4	900.970397949218750	DDGSkGTTLSLVQk	KGALVYVEADAANYVFER	3599.85173	3599.85034179688	4.0000000000000	1.063808748255
		5	1	0.895435861641073
		5	10	1.01533659066232
		5	11	0.949007290212502
		5	12	0.900535132619823
		5	13	0.900535132619823
		5	14	0.900535132619823
		5	15	0.852062975027144
		5	16	0.803590817434466
		5	17	0.821447960291608
		5	2	0.913293004498216
		5	3	0.979622304948038
		5	4	0.997479447805181
		5	5	0.997479447805181
		5	6	1.01533659066232
		5	7	1.01533659066232
		5	8	1.01533659066232
		5	9	1.063808748255
Zybaylov_103012_Rim1_03.9529.9529.4	868.946350097656250	DDGSkGTTLSLVQk	GALVYVEADAANYVFER	3471.75676	3471.75415039062	4.0000000000000	0.952406804198335
		5	1	0.828065307435557
		5	10	0.902139381509631
		5	11	0.851871958820927
		5	12	0.851871958820927
		5	13	0.851871958820927
		5	14	0.851871958820927
		5	15	0.851871958820927
		5	16	0.851871958820927
		5	2	0.846583825954076
		5	3	0.865102344472594
		5	4	0.933888285679817
		5	5	0.952406804198335
		5	6	0.902139381509631
		5	7	0.851871958820927
		5	8	0.902139381509631
		5	9	0.902139381509631
Zybaylov_103012_Rim1_03.9540.9540.4	868.943237304687500	DDGSkGTTLSLVQk	GALVYVEADAANYVFER	3471.75676	3471.74169921875	4.0000000000000	0.753991233361483
		5	1	0.679917159287409
		5	10	0.653456387984075
		5	11	0.722242329191298
		5	12	0.722242329191298
		5	13	0.722242329191298
		5	14	0.722242329191298
		5	15	0.740760847709816
		5	16	0.690493425021112
		5	2	0.698435677805928
		5	3	0.716954196324446
		5	4	0.735472714842965
		5	5	0.753991233361483
		5	6	0.753991233361483
		5	7	0.703723810672779
		5	8	0.703723810672779
		5	9	0.703723810672779
Zybaylov_103012_Rim1_03.10316.10316.4	868.943481445312500	DDGSkGTTLSLVQk	GALVYVEADAANYVFER	3471.75676	3471.74267578125	4.0000000000000	0.804258656050187
		5	1	0.579382313910001
		5	10	0.753991233361483
		5	11	0.753991233361483
		5	12	0.735472714842965
		5	13	0.685205292154261
		5	14	0.685205292154261
		5	15	0.685205292154261
		5	16	0.634937869465557
		5	2	0.648168255117224
		5	3	0.648168255117224
		5	4	0.716954196324446
		5	5	0.785740137531668
		5	6	0.785740137531668
		5	7	0.785740137531668
		5	8	0.804258656050187
		5	9	0.804258656050187
Zybaylov_103012_Rim1_03.10351.10351.3	1158.258544921875000	DDGSkGTTLSLVQk	GALVYVEADAANYVFER	3471.75676	3471.75219726562	3.0000000000000	0.796296296296296
		5	1	0.691358024691358
		5	10	0.703703703703704
		5	11	0.672839506172839
		5	12	0.672839506172839
		5	13	0.672839506172839
		5	14	0.672839506172839
		5	15	0.672839506172839
		5	16	0.641975308641975
		5	2	0.709876543209877
		5	3	0.728395061728395
		5	4	0.777777777777778
		5	5	0.796296296296296
		5	6	0.796296296296296
		5	7	0.765432098765432
		5	8	0.734567901234568
		5	9	0.703703703703704
Zybaylov_103012_Rim1_03.10375.10375.4	868.945800781250000	DDGSkGTTLSLVQk	GALVYVEADAANYVFER	3471.75676	3471.751953125	4.0000000000000	1.01590461253871
		5	1	0.96034905698315
		5	10	0.833353440302409
		5	11	0.833353440302409
		5	12	0.833353440302409
		5	13	0.833353440302409
		5	14	0.833353440302409
		5	15	0.833353440302409
		5	16	0.783086017613705
		5	2	0.978867575501669
		5	3	0.997386094020187
		5	4	1.01590461253871
		5	5	1.01590461253871
		5	6	0.965637189850002
		5	7	0.984155708368521
		5	8	0.933888285679817
		5	9	0.883620862991113
Zybaylov_103012_Rim1_03.9391.9391.4	868.702087402343750	DINLLkNGk	MSIVGRIGSEFTEHTSANNNR	3470.77341	3470.77709960937	4.0000000000000	0.892883988975194
		6	1	0.763760126952309
		6	10	0.788482418775578
		6	11	0.859913973106155
		6	12	0.807713188006348
		6	13	0.807713188006348
		6	14	0.826943957237117
		6	15	0.826943957237117
		6	16	0.826943957237117
		6	17	0.826943957237117
		6	18	0.774743172137309
		6	19	0.774743172137309
		6	2	0.782990896183078
		6	20	0.774743172137309
		6	3	0.782990896183078
		6	4	0.802221665413848
		6	5	0.821452434644617
		6	6	0.892883988975194
		6	7	0.840683203875386
		6	8	0.788482418775578
		6	9	0.788482418775578
Zybaylov_103012_Rim1_03.9392.9392.3	1157.932006835937500	DINLLkNGk	MSIVGRIGSEFTEHTSANNNR	3470.77341	3470.7724609375	3.0000000000000	0.474358974358974
		6	1	0.346153846153846
		6	10	0.391025641025641
		6	11	0.391025641025641
		6	12	0.423076923076923
		6	13	0.474358974358974
		6	14	0.474358974358974
		6	15	0.474358974358974
		6	16	0.474358974358974
		6	17	0.474358974358974
		6	18	0.442307692307692
		6	19	0.461538461538462
		6	2	0.365384615384615
		6	20	0.461538461538462
		6	3	0.384615384615385
		6	4	0.403846153846154
		6	5	0.403846153846154
		6	6	0.423076923076923
		6	7	0.442307692307692
		6	8	0.391025641025641
		6	9	0.391025641025641
Zybaylov_103012_Rim1_03.9398.9398.4	868.699707031250000	DINLLkNGk	MSIVGRIGSEFTEHTSANNNR	3470.77341	3470.767578125	4.0000000000000	0.75551240290654
		6	1	0.659358556752694
		6	10	0.703311617806732
		6	11	0.703311617806732
		6	12	0.651110832706924
		6	13	0.703311617806732
		6	14	0.722542387037501
		6	15	0.670341601937693
		6	16	0.670341601937693
		6	17	0.670341601937693
		6	18	0.670341601937693
		6	19	0.689572371168462
		6	2	0.678589325983463
		6	20	0.637371586068655
		6	3	0.626388540883655
		6	4	0.645619310114424
		6	5	0.717050864445001
		6	6	0.73628163367577
		6	7	0.73628163367577
		6	8	0.75551240290654
		6	9	0.75551240290654
Zybaylov_103012_Rim1_03.9401.9401.3	1157.929077148437500	DINLLkNGk	MSIVGRIGSEFTEHTSANNNR	3470.77341	3470.763671875	3.0000000000000	0.608974358974359
		6	1	0.42948717948718
		6	10	0.576923076923077
		6	11	0.557692307692308
		6	12	0.506410256410256
		6	13	0.455128205128205
		6	14	0.455128205128205
		6	15	0.435897435897436
		6	16	0.455128205128205
		6	17	0.455128205128205
		6	18	0.474358974358974
		6	19	0.474358974358974
		6	2	0.448717948717949
		6	20	0.442307692307692
		6	3	0.467948717948718
		6	4	0.519230769230769
		6	5	0.57051282051282
		6	6	0.58974358974359
		6	7	0.608974358974359
		6	8	0.608974358974359
		6	9	0.608974358974359
Zybaylov_103012_Rim1_03.9606.9606.3	1447.745971679687500	DINLLkNGk	DGQTNWYNITVFNEPQINFLTEYVRK	4340.22756	4340.21435546875	3.0000000000000	0.0645161290322581
		6	1	0.0161290322580645
		6	10	0.032258064516129
		6	11	0.032258064516129
		6	12	0.0161290322580645
		6	13	0.032258064516129
		6	14	0.032258064516129
		6	15	0.032258064516129
		6	16	0.032258064516129
		6	17	0.032258064516129
		6	18	0.032258064516129
		6	19	0.032258064516129
		6	2	0.0161290322580645
		6	20	0.032258064516129
		6	21	0.032258064516129
		6	22	0.032258064516129
		6	23	0.032258064516129
		6	24	0.0483870967741935
		6	25	0.0645161290322581
		6	3	0.032258064516129
		6	4	0.032258064516129
		6	5	0.032258064516129
		6	6	0.032258064516129
		6	7	0.032258064516129
		6	8	0.032258064516129
		6	9	0.032258064516129
Zybaylov_103012_Rim1_03.9617.9617.3	1447.744018554687500	DINLLkNGk	DGQTNWYNITVFNEPQINFLTEYVRK	4340.22756	4340.20849609375	3.0000000000000	0.0483870967741935
		6	1	0
		6	10	0.0161290322580645
		6	11	0.0161290322580645
		6	12	0.0161290322580645
		6	13	0.0161290322580645
		6	14	0.032258064516129
		6	15	0.032258064516129
		6	16	0.032258064516129
		6	17	0.032258064516129
		6	18	0.032258064516129
		6	19	0.032258064516129
		6	2	0
		6	20	0.032258064516129
		6	21	0.032258064516129
		6	22	0.032258064516129
		6	23	0.032258064516129
		6	24	0.032258064516129
		6	25	0.0483870967741935
		6	3	0.0161290322580645
		6	4	0.0161290322580645
		6	5	0.0161290322580645
		6	6	0.0161290322580645
		6	7	0.0161290322580645
		6	8	0.0161290322580645
		6	9	0.0161290322580645
Zybaylov_103012_Rim1_03.6244.6244.3	558.300598144531250	DINLLkNGk	DDGSK	1671.88366	1671.87829589844	3.0000000000000	0.05
		6	1	0.05
		6	2	0.05
		6	3	0.05
		6	4	0.05
Zybaylov_103012_Rim1_03.6259.6259.3	558.299987792968750	DINLLkNGk	DDGSK	1671.88366	1671.87646484375	3.0000000000000	0.15
		6	1	0.15
		6	2	0.15
		6	3	0.15
		6	4	0.15
Zybaylov_103012_Rim1_03.6780.6780.3	558.300964355468750	DINLLkNGk	DDGSK	1671.88366	1671.87939453125	3.0000000000000	0.45
		6	1	0.35
		6	2	0.4
		6	3	0.45
		6	4	0.45
Zybaylov_103012_Rim1_03.7068.7068.3	558.302185058593750	DINLLkNGk	DDGSK	1671.88366	1671.88305664062	3.0000000000000	0.25
		6	1	0.2
		6	2	0.2
		6	3	0.25
		6	4	0.2
Zybaylov_103012_Rim1_03.7071.7071.3	558.302001953125000	DINLLkNGk	DDGSK	1671.88366	1671.88256835938	3.0000000000000	0.25
		6	1	0.2
		6	2	0.2
		6	3	0.25
		6	4	0.2
Zybaylov_103012_Rim1_03.9499.9499.3	754.046020507812500	NGkk	IGSEFTEHTSANNNR	2259.10372	2259.11450195312	3.0000000000000	0.533333333333333
		3	1	0.433333333333333
		3	10	0.511111111111111
		3	11	0.455555555555556
		3	12	0.455555555555556
		3	13	0.455555555555556
		3	14	0.488888888888889
		3	2	0.466666666666667
		3	3	0.5
		3	4	0.5
		3	5	0.533333333333333
		3	6	0.477777777777778
		3	7	0.511111111111111
		3	8	0.511111111111111
		3	9	0.511111111111111
Zybaylov_103012_Rim1_03.4861.4861.5	620.288879394531250	NGkk	LEDAEGQENAASSELEHHHHHH	3096.41915	3096.4052734375	5.0000000000000	1.16657475972901
		3	1	1.12112021427446
		3	10	1.16657475972901
		3	11	1.16657475972901
		3	12	1.16657475972901
		3	13	1.06810304080668
		3	14	0.969631321884355
		3	15	0.871159602962029
		3	16	0.969631321884355
		3	17	0.969631321884355
		3	18	0.969631321884355
		3	19	0.969631321884355
		3	2	1.14384748700173
		3	20	0.871159602962029
		3	21	0.871159602962029
		3	3	1.14384748700173
		3	4	1.14384748700173
		3	5	1.04537576807941
		3	6	1.04537576807941
		3	7	1.04537576807941
		3	8	0.946904049157082
		3	9	1.04537576807941
Zybaylov_103012_Rim1_03.4874.4874.4	775.110107421875000	NGkk	LEDAEGQENAASSELEHHHHHH	3096.41915	3096.4091796875	4.0000000000000	0.97080742276182
		3	1	0.863661040371138
		3	10	0.763004639226138
		3	11	0.763004639226138
		3	12	0.78573191195341
		3	13	0.78573191195341
		3	14	0.78573191195341
		3	15	0.78573191195341
		3	16	0.724040075017274
		3	17	0.724040075017274
		3	18	0.724040075017274
		3	19	0.724040075017274
		3	2	0.886388313098411
		3	20	0.662348238081137
		3	21	0.662348238081137
		3	3	0.97080742276182
		3	4	0.97080742276182
		3	5	0.97080742276182
		3	6	0.909115585825684
		3	7	0.847423748889547
		3	8	0.847423748889547
		3	9	0.824696476162274
Zybaylov_103012_Rim1_03.8498.8498.5	959.660522460937500	kLEDAEGQENAASSELEHHHHHH	KGALVYVEADAANYVFER	4793.26531	4793.263671875	5.0000000000000	0.711649257576467
		1	1	0.59904445173076
		1	10	0.608061267506675
		1	11	0.608061267506675
		1	12	0.608061267506675
		1	13	0.594547753993161
		1	14	0.608061267506675
		1	15	0.608061267506675
		1	16	0.608061267506675
		1	17	0.549510515715022
		1	2	0.59904445173076
		1	3	0.612557965244274
		1	4	0.626071478757787
		1	5	0.639584992271301
		1	6	0.653098505784814
		1	7	0.711649257576467
		1	8	0.653098505784814
		1	9	0.594547753993161
Zybaylov_103012_Rim1_03.8509.8509.5	959.659484863281250	kLEDAEGQENAASSELEHHHHHH	KGALVYVEADAANYVFER	4793.26531	4793.25830078125	5.0000000000000	0.783713522881634
		1	1	0.68462223054944
		1	10	0.653098505784814
		1	11	0.594547753993161
		1	12	0.594547753993161
		1	13	0.594547753993161
		1	14	0.608061267506675
		1	15	0.621574781020188
		1	16	0.563024029228535
		1	17	0.576537542742049
		1	2	0.68462223054944
		1	3	0.756686495854607
		1	4	0.77020000936812
		1	5	0.783713522881634
		1	6	0.783713522881634
		1	7	0.711649257576467
		1	8	0.711649257576467
		1	9	0.653098505784814
Zybaylov_103012_Rim1_03.8512.8512.6	799.884643554687500	kLEDAEGQENAASSELEHHHHHH	KGALVYVEADAANYVFER	4793.26531	4793.2607421875	6.0000000000000	1.15305166518338
		1	1	0.968382594032507
		1	10	1.09450091339173
		1	11	1.03595016160007
		1	12	0.977399409808422
		1	13	0.977399409808422
		1	14	0.918848658016769
		1	15	0.860297906225116
		1	16	0.860297906225116
		1	17	0.860297906225116
		1	2	1.04044685933767
		1	3	1.05396037285119
		1	4	1.0674738863647
		1	5	1.08098739987821
		1	6	1.15305166518338
		1	7	1.15305166518338
		1	8	1.15305166518338
		1	9	1.09450091339173
Zybaylov_103012_Rim1_03.8518.8518.6	799.885009765625000	kLEDAEGQENAASSELEHHHHHH	KGALVYVEADAANYVFER	4793.26531	4793.26318359375	6.0000000000000	1.40076818586351
		1	1	1.30167689353131
		1	10	1.23862944400206
		1	11	1.18007869221041
		1	12	1.10801442690524
		1	13	1.16656517869689
		1	14	1.10801442690524
		1	15	1.04946367511359
		1	16	1.04946367511359
		1	17	1.04946367511359
		1	2	1.31519040704483
		1	3	1.38725467234999
		1	4	1.40076818586351
		1	5	1.34221743407185
		1	6	1.35573094758537
		1	7	1.29718019579371
		1	8	1.23862944400206
		1	9	1.23862944400206
Zybaylov_103012_Rim1_03.8526.8526.7	685.759887695312500	kLEDAEGQENAASSELEHHHHHH	KGALVYVEADAANYVFER	4793.26531	4793.2646484375	7.0000000000000	1.10351772916764
		1	1	1.09000421565413
		1	10	0.941378987306197
		1	11	0.99992973909785
		1	12	0.941378987306197
		1	13	0.86931472200103
		1	14	0.86931472200103
		1	15	0.86931472200103
		1	16	0.86931472200103
		1	17	0.86931472200103
		1	2	1.10351772916764
		1	3	1.04496697737599
		1	4	1.04496697737599
		1	5	1.04496697737599
		1	6	0.986416225584337
		1	7	0.986416225584337
		1	8	0.927865473792683
		1	9	0.927865473792683
Zybaylov_103012_Rim1_03.8533.8533.7	685.758850097656250	kLEDAEGQENAASSELEHHHHHH	KGALVYVEADAANYVFER	4793.26531	4793.25732421875	7.0000000000000	1.29268349805612
		1	1	1.25214295751557
		1	10	1.0584804908895
		1	11	0.99992973909785
		1	12	0.99992973909785
		1	13	0.99992973909785
		1	14	0.941378987306197
		1	15	0.882828235514544
		1	16	0.882828235514544
		1	17	0.882828235514544
		1	2	1.26565647102909
		1	3	1.2791699845426
		1	4	1.29268349805612
		1	5	1.23413274626446
		1	6	1.17558199447281
		1	7	1.17558199447281
		1	8	1.11703124268116
		1	9	1.11703124268116
Zybaylov_103012_Rim1_03.4861.4861.5	620.288879394531250	kLEDAEGQENAASSELEHHHHHH	NGK	3096.41915	3096.4052734375	5.0000000000000	1.36351819757366
		1	1	1.34079092484638
		1	2	1.36351819757366
Zybaylov_103012_Rim1_03.4874.4874.4	775.110107421875000	kLEDAEGQENAASSELEHHHHHH	NGK	3096.41915	3096.4091796875	4.0000000000000	0.925352877307275
		1	1	0.902625604580002
		1	2	0.925352877307275
Zybaylov_103012_Rim1_03.9993.9993.3	636.351989746093750	mDFSk	DINLLKNGKK	1906.03912	1906.03247070312	3.0000000000000	0.833333333333333
		1	1	0.787878787878788
		1	2	0.712121212121212
		1	3	0.757575757575758
		1	4	0.833333333333333
		1	5	0.833333333333333
		1	6	0.757575757575758
		1	7	0.681818181818182
		1	8	0.681818181818182
		1	9	0.727272727272727
Zybaylov_103012_Rim1_03.9997.9997.3	636.354064941406250	mDFSk	DINLLKNGKK	1906.03912	1906.03869628906	3.0000000000000	0.484848484848485
		1	1	0.348484848484848
		1	2	0.348484848484848
		1	3	0.393939393939394
		1	4	0.393939393939394
		1	5	0.393939393939394
		1	6	0.439393939393939
		1	7	0.484848484848485
		1	8	0.484848484848485
		1	9	0.484848484848485
