TITLE	m/z	Fragment1	Fragment2	Theoretical Mass	Actual Mass	Charge
CL_SITE_SEQ_1	CL_SITE_SEQ_2	SCORE
Zybaylov_103012_Rim1_02.9879.9879.4	941.770629882812500	YLkYSIASQPRR	DDGSKGTTLSLVQKDINLLK	3763.0678	3763.05126953125	4.0000000000000	0.974523033969288
		3	1	0.872479447805181
		3	10	0.913293004498216
		3	11	0.913293004498216
		3	12	0.913293004498216
		3	13	0.864820846905537
		3	14	0.88267798976268
		3	15	0.931150147355359
		3	16	0.88267798976268
		3	17	0.834205832170002
		3	18	0.834205832170002
		3	19	0.834205832170002
		3	2	0.938808748255002
		3	3	0.956665891112145
		3	4	0.974523033969288
		3	5	0.926050876376609
		3	6	0.87757871878393
		3	7	0.895435861641073
		3	8	0.913293004498216
		3	9	0.913293004498216
Zybaylov_103012_Rim1_02.9289.9289.4	1209.873413085937500	YLkYSIASQPRR	RDGQTNWYNITVFNEPQINFLTEYVR	4835.46182	4835.46240234375	4.0000000000000	0.479003001852207
		3	1	0.321437695599412
		3	10	0.39076770773456
		3	11	0.350849460305295
		3	12	0.350849460305295
		3	13	0.405473590087501
		3	14	0.405473590087501
		3	15	0.460097719869707
		3	16	0.460097719869707
		3	17	0.460097719869707
		3	18	0.420179472440442
		3	19	0.434885354793383
		3	2	0.376061825381618
		3	20	0.449591237146324
		3	21	0.464297119499265
		3	22	0.479003001852207
		3	23	0.464297119499265
		3	24	0.479003001852207
		3	25	0.479003001852207
		3	3	0.376061825381618
		3	4	0.376061825381618
		3	5	0.376061825381618
		3	6	0.39076770773456
		3	7	0.39076770773456
		3	8	0.39076770773456
		3	9	0.39076770773456
Zybaylov_103012_Rim1_02.9294.9294.4	1209.869995117187500	YLkYSIASQPRR	RDGQTNWYNITVFNEPQINFLTEYVR	4835.46182	4835.44873046875	4.0000000000000	0.460097719869707
		3	1	0.197483553682059
		3	10	0.321437695599412
		3	11	0.321437695599412
		3	12	0.321437695599412
		3	13	0.321437695599412
		3	14	0.321437695599412
		3	15	0.361355943028677
		3	16	0.415980072810883
		3	17	0.430685955163824
		3	18	0.415980072810883
		3	19	0.430685955163824
		3	2	0.197483553682059
		3	20	0.445391837516766
		3	21	0.460097719869707
		3	22	0.460097719869707
		3	23	0.445391837516766
		3	24	0.460097719869707
		3	25	0.460097719869707
		3	3	0.197483553682059
		3	4	0.197483553682059
		3	5	0.197483553682059
		3	6	0.252107683464265
		3	7	0.252107683464265
		3	8	0.306731813246471
		3	9	0.306731813246471
Zybaylov_103012_Rim1_02.9536.9536.4	1266.667358398437500	kGALVYVEADAANYVFERDDGSkGTTLSLVQk	YLKYSIASQPRR	5062.65627	5062.63818359375	4.0000000000000	0.19286102062975
		1	1	0.121430510314875
		1	10	0.121430510314875
		1	11	0.121430510314875
		1	2	0.121430510314875
		1	3	0.133930510314875
		1	4	0.18036102062975
		1	5	0.18036102062975
		1	6	0.18036102062975
		1	7	0.18036102062975
		1	8	0.133930510314875
		1	9	0.121430510314875
		23	1	0.133930510314875
		23	10	0.133930510314875
		23	11	0.133930510314875
		23	2	0.133930510314875
		23	3	0.146430510314875
		23	4	0.19286102062975
		23	5	0.19286102062975
		23	6	0.19286102062975
		23	7	0.19286102062975
		23	8	0.146430510314875
		23	9	0.133930510314875
Zybaylov_103012_Rim1_02.9674.9674.5	1013.544006347656250	kGALVYVEADAANYVFERDDGSkGTTLSLVQk	YLKYSIASQPRR	5062.65627	5062.6806640625	5.0000000000000	1.34155112651646
		1	1	1.32905112651646
		1	10	1.07075389948007
		1	11	1.01659445407279
		1	2	1.34155112651646
		1	3	1.34155112651646
		1	4	1.28739168110919
		1	5	1.28739168110919
		1	6	1.23323223570191
		1	7	1.17907279029463
		1	8	1.12491334488735
		1	9	1.12491334488735
		23	1	1.20407279029463
		23	10	0.945775563258232
		23	11	0.891616117850953
		23	2	1.21657279029463
		23	3	1.21657279029463
		23	4	1.16241334488735
		23	5	1.16241334488735
		23	6	1.10825389948007
		23	7	1.05409445407279
		23	8	0.999935008665511
		23	9	0.999935008665511
Zybaylov_103012_Rim1_02.9034.9034.5	982.318298339843750	kGALVYVEADAANYVFERDDGSkGTTLSLVQk	YLKYSIASQPR	4906.55515	4906.55224609375	5.0000000000000	1.30758121139404
		1	1	1.1665555703684
		1	10	1.07683419988446
		1	2	1.17937608318891
		1	3	1.19219659600942
		1	4	1.20501710882993
		1	5	1.21783762165045
		1	6	1.23065813447096
		1	7	1.24347864729147
		1	8	1.1879304981558
		1	9	1.13238234902013
		23	1	1.23065813447096
		23	10	1.14093676398702
		23	2	1.24347864729147
		23	3	1.25629916011199
		23	4	1.2691196729325
		23	5	1.28194018575301
		23	6	1.29476069857352
		23	7	1.30758121139404
		23	8	1.25203306225837
		23	9	1.19648491312269
Zybaylov_103012_Rim1_02.9042.9042.5	982.316406250000000	kGALVYVEADAANYVFERDDGSkGTTLSLVQk	YLKYSIASQPR	4906.55515	4906.54296875	5.0000000000000	1.08965471270497
		1	1	0.781984624272319
		1	10	0.816180064880238
		1	2	0.794805137092832
		1	3	0.807625649913345
		1	4	0.820446162733858
		1	5	0.833266675554371
		1	6	0.846087188374883
		1	7	0.858907701195396
		1	8	0.803359552059725
		1	9	0.816180064880238
		23	1	1.0127316357819
		23	10	1.04692707638981
		23	2	1.02555214860241
		23	3	1.03837266142292
		23	4	1.05119317424343
		23	5	1.06401368706395
		23	6	1.07683419988446
		23	7	1.08965471270497
		23	8	1.0341065635693
		23	9	1.04692707638981
Zybaylov_103012_Rim1_02.9052.9052.6	818.765808105468750	kGALVYVEADAANYVFERDDGSkGTTLSLVQk	YLKYSIASQPR	4906.55515	4906.5478515625	6.0000000000000	1.23921254943785
		1	1	0.918721948184686
		1	10	0.92727636315158
		1	2	0.931542461005199
		1	3	0.999911122961383
		1	4	1.0127316357819
		1	5	1.08110029773808
		1	6	1.09392081055859
		1	7	1.09392081055859
		1	8	1.03837266142292
		1	9	0.982824512287251
		23	1	1.06401368706395
		23	10	1.07256810203084
		23	2	1.07683419988446
		23	3	1.14520286184064
		23	4	1.15802337466116
		23	5	1.22639203661734
		23	6	1.23921254943785
		23	7	1.23921254943785
		23	8	1.18366440030218
		23	9	1.12811625116651
Zybaylov_103012_Rim1_02.9059.9059.6	818.765686035156250	kGALVYVEADAANYVFERDDGSkGTTLSLVQk	YLKYSIASQPR	4906.55515	4906.54736328125	6.0000000000000	1.05974758921033
		1	1	0.858907701195396
		1	10	0.965737901613118
		1	2	0.92727636315158
		1	3	0.995645025107763
		1	4	0.995645025107763
		1	5	0.940096875972093
		1	6	0.952917388792605
		1	7	0.965737901613118
		1	8	1.02128605074879
		1	9	1.02128605074879
		23	1	0.897369239656935
		23	10	1.00419944007466
		23	2	0.965737901613118
		23	3	1.0341065635693
		23	4	1.0341065635693
		23	5	0.978558414433631
		23	6	0.991378927254144
		23	7	1.00419944007466
		23	8	1.05974758921033
		23	9	1.05974758921033
Zybaylov_103012_Rim1_02.9107.9107.5	821.417907714843750	kGALVYVEADAANYVFERDDGSkGTTLSLVQk	DDGSK	4102.0541	4102.05029296875	5.0000000000000	1.06556903523975
		1	1	1.03526600493672
		1	2	1.05041752008823
		1	3	1.06556903523975
		1	4	0.999921222624862
		23	1	0.868625597395095
		23	2	0.88377711254661
		23	3	0.898928627698125
		23	4	0.833280815083241
Zybaylov_103012_Rim1_02.9112.9112.5	821.415039062500000	kGALVYVEADAANYVFERDDGSkGTTLSLVQk	DDGSK	4102.0541	4102.0361328125	5.0000000000000	1.17667139330917
		1	1	0.924163646867286
		1	2	0.939315162018801
		1	3	0.954466677170317
		1	4	0.888818864555433
		23	1	1.14636836300614
		23	2	1.16151987815766
		23	3	1.17667139330917
		23	4	1.11102358069429
Zybaylov_103012_Rim1_02.9126.9126.4	1026.521240234375000	kGALVYVEADAANYVFERDDGSkGTTLSLVQk	DDGSK	4102.0541	4102.0537109375	4.0000000000000	0.90695225874379
		1	1	0.774915276543941
		1	2	0.790066791695456
		1	3	0.805218306846971
		1	4	0.764090415556214
		23	1	0.876649228440759
		23	2	0.891800743592275
		23	3	0.90695225874379
		23	4	0.865824367453032
Zybaylov_103012_Rim1_02.9284.9284.5	981.107238769531250	DDGSkGTTLSLVQkDINLLkNGk	MSIVGRIGSEFTEHTSANNNR	4900.51475	4900.4970703125	5.0000000000000	1.42487001733102
		14	1	1.23739168110919
		14	10	1.34155112651646
		14	11	1.28739168110919
		14	12	1.34155112651646
		14	13	1.39571057192374
		14	14	1.39571057192374
		14	15	1.39571057192374
		14	16	1.40821057192374
		14	17	1.40821057192374
		14	18	1.35405112651646
		14	19	1.35405112651646
		14	2	1.24989168110919
		14	20	1.35405112651646
		14	3	1.24989168110919
		14	4	1.31655112651646
		14	5	1.38321057192374
		14	6	1.39571057192374
		14	7	1.34155112651646
		14	8	1.28739168110919
		14	9	1.28739168110919
		20	1	1.07491334488735
		20	10	1.17907279029463
		20	11	1.12491334488735
		20	12	1.17907279029463
		20	13	1.23323223570191
		20	14	1.23323223570191
		20	15	1.23323223570191
		20	16	1.24573223570191
		20	17	1.24573223570191
		20	18	1.19157279029463
		20	19	1.19157279029463
		20	2	1.08741334488735
		20	20	1.19157279029463
		20	3	1.08741334488735
		20	4	1.15407279029463
		20	5	1.22073223570191
		20	6	1.23323223570191
		20	7	1.17907279029463
		20	8	1.12491334488735
		20	9	1.12491334488735
		5	1	1.25405112651646
		5	10	1.35821057192374
		5	11	1.30405112651646
		5	12	1.35821057192374
		5	13	1.41237001733102
		5	14	1.41237001733102
		5	15	1.41237001733102
		5	16	1.42487001733102
		5	17	1.42487001733102
		5	18	1.37071057192374
		5	19	1.37071057192374
		5	2	1.26655112651646
		5	20	1.37071057192374
		5	3	1.26655112651646
		5	4	1.33321057192374
		5	5	1.39987001733102
		5	6	1.41237001733102
		5	7	1.35821057192374
		5	8	1.30405112651646
		5	9	1.30405112651646
Zybaylov_103012_Rim1_02.9090.9090.4	900.721313476562500	DINLLkNGkk	MSIVGRIGSEFTEHTSANNNR	3598.86838	3598.85400390625	4.0000000000000	0.701069690754816
		6	1	0.626995616680742
		6	10	0.600534845377408
		6	11	0.550267422688704
		6	12	0.550267422688704
		6	13	0.550267422688704
		6	14	0.5
		6	15	0.5
		6	16	0.550267422688704
		6	17	0.550267422688704
		6	18	0.550267422688704
		6	19	0.550267422688704
		6	2	0.64551413519926
		6	20	0.550267422688704
		6	3	0.664032653717779
		6	4	0.682551172236297
		6	5	0.701069690754816
		6	6	0.701069690754816
		6	7	0.650802268066112
		6	8	0.600534845377408
		6	9	0.600534845377408
		9	1	0.626995616680742
		9	10	0.600534845377408
		9	11	0.550267422688704
		9	12	0.550267422688704
		9	13	0.550267422688704
		9	14	0.5
		9	15	0.5
		9	16	0.550267422688704
		9	17	0.550267422688704
		9	18	0.550267422688704
		9	19	0.550267422688704
		9	2	0.64551413519926
		9	20	0.550267422688704
		9	3	0.664032653717779
		9	4	0.682551172236297
		9	5	0.701069690754816
		9	6	0.701069690754816
		9	7	0.650802268066112
		9	8	0.600534845377408
		9	9	0.600534845377408
Zybaylov_103012_Rim1_02.9094.9094.4	900.721191406250000	DINLLkNGkk	MSIVGRIGSEFTEHTSANNNR	3598.86838	3598.853515625	4.0000000000000	0.75133711344352
		6	1	0.626995616680742
		6	10	0.701069690754816
		6	11	0.701069690754816
		6	12	0.650802268066112
		6	13	0.650802268066112
		6	14	0.701069690754816
		6	15	0.682551172236297
		6	16	0.732818594925001
		6	17	0.732818594925001
		6	18	0.732818594925001
		6	19	0.732818594925001
		6	2	0.64551413519926
		6	20	0.732818594925001
		6	3	0.664032653717779
		6	4	0.732818594925001
		6	5	0.682551172236297
		6	6	0.75133711344352
		6	7	0.701069690754816
		6	8	0.701069690754816
		6	9	0.701069690754816
		9	1	0.576728193992038
		9	10	0.650802268066112
		9	11	0.650802268066112
		9	12	0.600534845377408
		9	13	0.600534845377408
		9	14	0.650802268066112
		9	15	0.632283749547593
		9	16	0.682551172236297
		9	17	0.682551172236297
		9	18	0.682551172236297
		9	19	0.682551172236297
		9	2	0.595246712510556
		9	20	0.682551172236297
		9	3	0.613765231029075
		9	4	0.682551172236297
		9	5	0.632283749547593
		9	6	0.701069690754816
		9	7	0.650802268066112
		9	8	0.650802268066112
		9	9	0.650802268066112
Zybaylov_103012_Rim1_02.6250.6250.6	633.144592285156250	DINLLkNGkk	LEDAEGQENAASSELEHHHHHH	3792.83621	3792.82055664062	6.0000000000000	0.898737311215647
		6	1	0.696366674919535
		6	10	0.73208096063382
		6	11	0.827308739787076
		6	12	0.827308739787076
		6	13	0.809451596929933
		6	14	0.79159445407279
		6	15	0.809451596929933
		6	16	0.827308739787076
		6	17	0.845165882644219
		6	18	0.767795246348106
		6	19	0.690424610051993
		6	2	0.714223817776677
		6	20	0.67256746719485
		6	21	0.595196830898737
		6	3	0.714223817776677
		6	4	0.714223817776677
		6	5	0.73208096063382
		6	6	0.714223817776677
		6	7	0.714223817776677
		6	8	0.73208096063382
		6	9	0.73208096063382
		9	1	0.749938103490963
		9	10	0.785652389205249
		9	11	0.880880168358505
		9	12	0.880880168358505
		9	13	0.863023025501362
		9	14	0.845165882644219
		9	15	0.863023025501362
		9	16	0.880880168358505
		9	17	0.898737311215647
		9	18	0.821366674919535
		9	19	0.743996038623422
		9	2	0.767795246348106
		9	20	0.726138895766279
		9	21	0.648768259470166
		9	3	0.767795246348106
		9	4	0.767795246348106
		9	5	0.785652389205249
		9	6	0.767795246348106
		9	7	0.767795246348106
		9	8	0.785652389205249
		9	9	0.785652389205249
Zybaylov_103012_Rim1_02.6251.6251.4	949.216125488281250	DINLLkNGkk	LEDAEGQENAASSELEHHHHHH	3792.83621	3792.83325195312	4.0000000000000	0.949007290212502
		6	1	0.775535132619823
		6	10	0.895435861641073
		6	11	0.895435861641073
		6	12	0.846963704048395
		6	13	0.798491546455716
		6	14	0.750019388863037
		6	15	0.750019388863037
		6	16	0.683690088413215
		6	17	0.665832945556073
		6	18	0.665832945556073
		6	19	0.665832945556073
		6	2	0.841864433069645
		6	20	0.665832945556073
		6	21	0.665832945556073
		6	3	0.859721575926788
		6	4	0.859721575926788
		6	5	0.87757871878393
		6	6	0.87757871878393
		6	7	0.895435861641073
		6	8	0.895435861641073
		6	9	0.895435861641073
		9	1	0.829106561191252
		9	10	0.949007290212502
		9	11	0.949007290212502
		9	12	0.900535132619823
		9	13	0.852062975027144
		9	14	0.803590817434466
		9	15	0.803590817434466
		9	16	0.737261516984644
		9	17	0.719404374127501
		9	18	0.719404374127501
		9	19	0.719404374127501
		9	2	0.895435861641073
		9	20	0.719404374127501
		9	21	0.719404374127501
		9	3	0.913293004498216
		9	4	0.913293004498216
		9	5	0.931150147355359
		9	6	0.931150147355359
		9	7	0.949007290212502
		9	8	0.949007290212502
		9	9	0.949007290212502
Zybaylov_103012_Rim1_02.6250.6250.6	633.144592285156250	NGkkLEDAEGQENAASSELEHHHHHH	DINLLK	3792.83621	3792.82055664062	6.0000000000000	0.404741272592226
		3	1	0.351169844020797
		3	2	0.351169844020797
		3	3	0.36902698687794
		3	4	0.386884129735083
		3	5	0.404741272592226
		4	1	0.351169844020797
		4	2	0.351169844020797
		4	3	0.36902698687794
		4	4	0.386884129735083
		4	5	0.404741272592226
Zybaylov_103012_Rim1_02.6251.6251.4	949.216125488281250	NGkkLEDAEGQENAASSELEHHHHHH	DINLLK	3792.83621	3792.83325195312	4.0000000000000	0.943908019233752
		3	1	0.824007290212502
		3	2	0.841864433069645
		3	3	0.859721575926788
		3	4	0.87757871878393
		3	5	0.829106561191252
		4	1	0.890336590662324
		4	2	0.908193733519466
		4	3	0.926050876376609
		4	4	0.943908019233752
		4	5	0.895435861641073
Zybaylov_103012_Rim1_02.9249.9249.5	956.698547363281250	YLkYSIASQPR	GALVYVEADAANYVFERDDGSKGTTLSLVQK	4778.46018	4778.45361328125	5.0000000000000	0.188588889902399
		3	1	0.0526315789473684
		3	10	0.0921052631578947
		3	11	0.0921052631578947
		3	12	0.0921052631578947
		3	13	0.0921052631578947
		3	14	0.0921052631578947
		3	15	0.105263157894737
		3	16	0.105263157894737
		3	17	0.175430995165557
		3	18	0.175430995165557
		3	19	0.162273100428715
		3	2	0.0526315789473684
		3	20	0.175430995165557
		3	21	0.162273100428715
		3	22	0.162273100428715
		3	23	0.175430995165557
		3	24	0.188588889902399
		3	25	0.188588889902399
		3	26	0.188588889902399
		3	27	0.188588889902399
		3	28	0.188588889902399
		3	29	0.175430995165557
		3	3	0.0657894736842105
		3	30	0.188588889902399
		3	4	0.0657894736842105
		3	5	0.0657894736842105
		3	6	0.0657894736842105
		3	7	0.0789473684210526
		3	8	0.0789473684210526
		3	9	0.0789473684210526
Zybaylov_103012_Rim1_02.9251.9251.5	956.697204589843750	YLkYSIASQPR	GALVYVEADAANYVFERDDGSKGTTLSLVQK	4778.46018	4778.44677734375	5.0000000000000	0.201746784639241
		3	1	0.0789473684210526
		3	10	0.131578947368421
		3	11	0.131578947368421
		3	12	0.131578947368421
		3	13	0.118421052631579
		3	14	0.118421052631579
		3	15	0.131578947368421
		3	16	0.131578947368421
		3	17	0.201746784639241
		3	18	0.201746784639241
		3	19	0.188588889902399
		3	2	0.0789473684210526
		3	20	0.188588889902399
		3	21	0.175430995165557
		3	22	0.175430995165557
		3	23	0.188588889902399
		3	24	0.188588889902399
		3	25	0.188588889902399
		3	26	0.175430995165557
		3	27	0.175430995165557
		3	28	0.175430995165557
		3	29	0.175430995165557
		3	3	0.0921052631578947
		3	30	0.175430995165557
		3	4	0.0921052631578947
		3	5	0.0921052631578947
		3	6	0.105263157894737
		3	7	0.118421052631579
		3	8	0.118421052631579
		3	9	0.118421052631579
Zybaylov_103012_Rim1_02.9252.9252.4	1195.625244140625000	YLkYSIASQPR	GALVYVEADAANYVFERDDGSKGTTLSLVQK	4778.46018	4778.4697265625	4.0000000000000	0.0789473684210526
		3	1	0.0394736842105263
		3	10	0.0394736842105263
		3	11	0.0394736842105263
		3	12	0.0394736842105263
		3	13	0.0394736842105263
		3	14	0.0263157894736842
		3	15	0.0394736842105263
		3	16	0.0394736842105263
		3	17	0.0526315789473684
		3	18	0.0526315789473684
		3	19	0.0526315789473684
		3	2	0.0394736842105263
		3	20	0.0526315789473684
		3	21	0.0394736842105263
		3	22	0.0394736842105263
		3	23	0.0394736842105263
		3	24	0.0394736842105263
		3	25	0.0394736842105263
		3	26	0.0526315789473684
		3	27	0.0526315789473684
		3	28	0.0526315789473684
		3	29	0.0657894736842105
		3	3	0.0394736842105263
		3	30	0.0789473684210526
		3	4	0.0394736842105263
		3	5	0.0394736842105263
		3	6	0.0394736842105263
		3	7	0.0394736842105263
		3	8	0.0394736842105263
		3	9	0.0394736842105263
Zybaylov_103012_Rim1_02.9219.9219.4	870.207824707031250	YLkYSIASQPR	KGALVYVEADAANYVFER	3476.81381	3476.80004882812	4.0000000000000	1.002888165038
		3	1	0.888599348534202
		3	10	0.840021715526601
		3	11	0.840021715526601
		3	12	0.840021715526601
		3	13	0.840021715526601
		3	14	0.840021715526601
		3	15	0.785732899022801
		3	16	0.785732899022801
		3	17	0.785732899022801
		3	2	0.908599348534202
		3	3	0.928599348534202
		3	4	1.002888165038
		3	5	0.928599348534202
		3	6	0.948599348534202
		3	7	0.948599348534202
		3	8	0.894310532030402
		3	9	0.840021715526601
Zybaylov_103012_Rim1_02.9224.9224.4	870.209289550781250	YLkYSIASQPR	KGALVYVEADAANYVFER	3476.81381	3476.80590820312	4.0000000000000	1.294332247557
		3	1	1.1257546145494
		3	10	1.2200434310532
		3	11	1.2200434310532
		3	12	1.2200434310532
		3	13	1.2200434310532
		3	14	1.2200434310532
		3	15	1.1657546145494
		3	16	1.1114657980456
		3	17	1.1114657980456
		3	2	1.2000434310532
		3	3	1.2200434310532
		3	4	1.294332247557
		3	5	1.274332247557
		3	6	1.2200434310532
		3	7	1.2200434310532
		3	8	1.2200434310532
		3	9	1.274332247557
Zybaylov_103012_Rim1_02.7646.7646.3	971.187255859375000	YLkYSIASQPR	DDGSKGTTLSLVQK	2910.54962	2910.53833007812	3.0000000000000	0.785714285714286
		3	1	0.579365079365079
		3	10	0.76984126984127
		3	11	0.76984126984127
		3	12	0.73015873015873
		3	13	0.73015873015873
		3	2	0.603174603174603
		3	3	0.626984126984127
		3	4	0.650793650793651
		3	5	0.714285714285714
		3	6	0.738095238095238
		3	7	0.761904761904762
		3	8	0.785714285714286
		3	9	0.746031746031746
Zybaylov_103012_Rim1_02.7751.7751.4	728.642028808593750	YLkYSIASQPR	DDGSKGTTLSLVQK	2910.54962	2910.53686523437	4.0000000000000	0.85716870896024
		3	1	0.833359185150716
		3	10	0.775528669665478
		3	11	0.775528669665478
		3	12	0.775528669665478
		3	13	0.775528669665478
		3	2	0.85716870896024
		3	3	0.792539165503335
		3	4	0.816348689312859
		3	5	0.840158213122383
		3	6	0.840158213122383
		3	7	0.840158213122383
		3	8	0.840158213122383
		3	9	0.840158213122383
Zybaylov_103012_Rim1_02.7773.7773.3	971.187622070312500	YLkYSIASQPR	DDGSKGTTLSLVQK	2910.54962	2910.53930664062	3.0000000000000	0.642857142857143
		3	1	0.357142857142857
		3	10	0.642857142857143
		3	11	0.642857142857143
		3	12	0.603174603174603
		3	13	0.603174603174603
		3	2	0.380952380952381
		3	3	0.444444444444444
		3	4	0.507936507936508
		3	5	0.531746031746032
		3	6	0.555555555555556
		3	7	0.595238095238095
		3	8	0.619047619047619
		3	9	0.619047619047619
Zybaylov_103012_Rim1_02.7878.7878.4	728.643371582031250	YLkYSIASQPR	DDGSKGTTLSLVQK	2910.54962	2910.54223632812	4.0000000000000	0.928597280388811
		3	1	0.744920117884287
		3	10	0.928597280388811
		3	11	0.928597280388811
		3	12	0.928597280388811
		3	13	0.928597280388811
		3	2	0.833359185150716
		3	3	0.768729641693811
		3	4	0.792539165503335
		3	5	0.816348689312859
		3	6	0.880978232769764
		3	7	0.880978232769764
		3	8	0.904787756579288
		3	9	0.904787756579288
Zybaylov_103012_Rim1_02.7880.7880.4	728.643188476562500	YLkYSIASQPR	DDGSKGTTLSLVQK	2910.54962	2910.54150390625	4.0000000000000	1.09867638695
		3	1	0.98642779587405
		3	10	1.05785636730262
		3	11	1.05785636730262
		3	12	1.05785636730262
		3	13	0.993226823845716
		3	2	1.01023731968357
		3	3	0.945607776226669
		3	4	0.945607776226669
		3	5	1.0340468434931
		3	6	1.09867638695
		3	7	1.0340468434931
		3	8	1.0340468434931
		3	9	1.0340468434931
Zybaylov_103012_Rim1_02.7891.7891.3	971.186767578125000	YLkYSIASQPR	DDGSKGTTLSLVQK	2910.54962	2910.53686523437	3.0000000000000	0.595238095238095
		3	1	0.420634920634921
		3	10	0.53968253968254
		3	11	0.53968253968254
		3	12	0.53968253968254
		3	13	0.5
		3	2	0.444444444444444
		3	3	0.444444444444444
		3	4	0.507936507936508
		3	5	0.571428571428571
		3	6	0.595238095238095
		3	7	0.555555555555556
		3	8	0.515873015873016
		3	9	0.53968253968254
Zybaylov_103012_Rim1_02.7899.7899.3	971.187316894531250	YLkYSIASQPR	DDGSKGTTLSLVQK	2910.54962	2910.53857421875	3.0000000000000	0.666666666666667
		3	1	0.468253968253968
		3	10	0.626984126984127
		3	11	0.626984126984127
		3	12	0.587301587301587
		3	13	0.587301587301587
		3	2	0.492063492063492
		3	3	0.555555555555556
		3	4	0.579365079365079
		3	5	0.642857142857143
		3	6	0.666666666666667
		3	7	0.666666666666667
		3	8	0.626984126984127
		3	9	0.626984126984127
Zybaylov_103012_Rim1_02.7988.7988.4	728.641723632812500	YLkYSIASQPR	DDGSKGTTLSLVQK	2910.54962	2910.53564453125	4.0000000000000	0.98642779587405
		3	1	0.897988728607621
		3	10	0.904787756579288
		3	11	0.904787756579288
		3	12	0.904787756579288
		3	13	0.840158213122383
		3	2	0.98642779587405
		3	3	0.921798252417145
		3	4	0.85716870896024
		3	5	0.880978232769764
		3	6	0.945607776226669
		3	7	0.880978232769764
		3	8	0.880978232769764
		3	9	0.880978232769764
Zybaylov_103012_Rim1_02.7990.7990.4	728.641784667968750	YLkYSIASQPR	DDGSKGTTLSLVQK	2910.54962	2910.53588867188	4.0000000000000	1.0340468434931
		3	1	1.01023731968357
		3	10	0.88777726074143
		3	11	0.88777726074143
		3	12	0.88777726074143
		3	13	0.88777726074143
		3	2	1.0340468434931
		3	3	0.969417300036193
		3	4	0.904787756579288
		3	5	0.928597280388811
		3	6	0.993226823845716
		3	7	0.993226823845716
		3	8	0.928597280388811
		3	9	0.863967736931906
Zybaylov_103012_Rim1_02.6401.6401.5	628.715576171875000	YLkYSIASQPR	IGSEFTEHTSANNNR	3138.5528	3138.53881835938	5.0000000000000	1.18930203245628
		3	1	0.977193949897589
		3	10	1.09083031353395
		3	11	1.09083031353395
		3	12	1.09083031353395
		3	13	1.09083031353395
		3	14	0.992358594611628
		3	2	1.09839294154719
		3	3	1.12112021427446
		3	4	1.14384748700173
		3	5	1.16657475972901
		3	6	1.18930203245628
		3	7	1.18930203245628
		3	8	1.09083031353395
		3	9	1.09083031353395
Zybaylov_103012_Rim1_02.6412.6412.5	628.716308593750000	YLkYSIASQPR	IGSEFTEHTSANNNR	3138.5528	3138.54248046875	5.0000000000000	1.46198991649598
		3	1	1.07566566881991
		3	10	1.46198991649598
		3	11	1.46198991649598
		3	12	1.46198991649598
		3	13	1.46198991649598
		3	14	1.46198991649598
		3	2	1.19686466046951
		3	3	1.31806365211911
		3	4	1.34079092484638
		3	5	1.34079092484638
		3	6	1.36351819757366
		3	7	1.36351819757366
		3	8	1.36351819757366
		3	9	1.46198991649598
Zybaylov_103012_Rim1_02.6416.6416.4	785.642272949218750	YLkYSIASQPR	IGSEFTEHTSANNNR	3138.5528	3138.53784179688	4.0000000000000	0.902625604580002
		3	1	0.603913730135228
		3	10	0.840933767643865
		3	11	0.840933767643865
		3	12	0.863661040371138
		3	13	0.863661040371138
		3	14	0.863661040371138
		3	2	0.626641002862501
		3	3	0.711060112525911
		3	4	0.79547922218932
		3	5	0.879898331852729
		3	6	0.902625604580002
		3	7	0.840933767643865
		3	8	0.863661040371138
		3	9	0.840933767643865
Zybaylov_103012_Rim1_02.9563.9563.4	838.184875488281250	YLkYSIASQPR	GALVYVEADAANYVFER	3348.71884	3348.70825195312	4.0000000000000	0.997059355772711
		3	1	0.723240137531668
		3	10	0.997059355772711
		3	11	0.997059355772711
		3	12	0.919675171914586
		3	13	0.940508505247919
		3	14	0.883957654723127
		3	15	0.827406804198335
		3	16	0.770855953673543
		3	2	0.800624321389794
		3	3	0.800624321389794
		3	4	0.878008505247919
		3	5	0.898841838581252
		3	6	0.919675171914586
		3	7	0.940508505247919
		3	8	0.940508505247919
		3	9	0.997059355772711
Zybaylov_103012_Rim1_02.9572.9572.4	838.185791015625000	YLkYSIASQPR	GALVYVEADAANYVFER	3348.71884	3348.7119140625	4.0000000000000	1.26492942453855
		3	1	0.764906804198335
		3	10	1.20837857401375
		3	11	1.20837857401375
		3	12	1.20837857401375
		3	13	1.20837857401375
		3	14	1.22921190734709
		3	15	1.17266105682229
		3	16	1.1161102062975
		3	2	0.84229098805646
		3	3	0.863124321389794
		3	4	0.940508505247919
		3	5	1.01789268910604
		3	6	1.09527687296417
		3	7	1.15182772348896
		3	8	1.20837857401375
		3	9	1.26492942453855
Zybaylov_103012_Rim1_02.8081.8081.4	603.092285156250000	YLkYSIASQPR	GTTLSLVQK	2408.34725	2408.337890625	4.0000000000000	0.870555103148751
		3	1	0.660728827361563
		3	2	0.776805103148751
		3	3	0.808055103148751
		3	4	0.839305103148751
		3	5	0.754478827361563
		3	6	0.785728827361563
		3	7	0.870555103148751
		3	8	0.870555103148751
Zybaylov_103012_Rim1_02.5773.5773.5	796.179992675781250	YLkYSIASQPR	LEDAEGQENAASSELEHHHHHH	3975.86823	3975.86083984375	5.0000000000000	1.19530269527281
		3	1	1.05163449471105
		3	10	1.04589732863204
		3	11	1.04589732863204
		3	12	1.06313870794239
		3	13	0.988436024622004
		3	14	0.91373334130162
		3	15	0.988436024622004
		3	16	0.988436024622004
		3	17	0.988436024622004
		3	18	0.988436024622004
		3	19	0.988436024622004
		3	2	1.14357855734178
		3	20	0.988436024622004
		3	21	0.91373334130162
		3	3	1.16081993665212
		3	4	1.17806131596247
		3	5	1.19530269527281
		3	6	1.12060001195243
		3	7	1.12060001195243
		3	8	1.12060001195243
		3	9	1.12060001195243
Zybaylov_103012_Rim1_02.9219.9219.4	870.207824707031250	kGALVYVEADAANYVFER	YLKYSIASQPR	3476.81381	3476.80004882812	4.0000000000000	1.0371769815418
		1	1	0.922888165038002
		1	10	0.820021715526601
		1	2	0.942888165038002
		1	3	0.962888165038002
		1	4	1.0371769815418
		1	5	0.982888165038002
		1	6	0.982888165038002
		1	7	0.982888165038002
		1	8	0.928599348534202
		1	9	0.874310532030402
Zybaylov_103012_Rim1_02.9224.9224.4	870.209289550781250	kGALVYVEADAANYVFER	YLKYSIASQPR	3476.81381	3476.80590820312	4.0000000000000	1.2200434310532
		1	1	1.0514657980456
		1	10	0.948599348534202
		1	2	1.1257546145494
		1	3	1.2000434310532
		1	4	1.2200434310532
		1	5	1.1657546145494
		1	6	1.1114657980456
		1	7	1.1114657980456
		1	8	1.0571769815418
		1	9	1.002888165038
Zybaylov_103012_Rim1_02.9214.9214.4	900.968994140625000	kGALVYVEADAANYVFER	DDGSKGTTLSLVQK	3599.85173	3599.8447265625	4.0000000000000	0.979622304948038
		1	1	0.811249418334109
		1	10	0.88267798976268
		1	11	0.88267798976268
		1	12	0.88267798976268
		1	13	0.834205832170002
		1	2	0.87757871878393
		1	3	0.895435861641073
		1	4	0.961765162090895
		1	5	0.979622304948038
		1	6	0.931150147355359
		1	7	0.88267798976268
		1	8	0.834205832170002
		1	9	0.88267798976268
Zybaylov_103012_Rim1_02.9218.9218.4	900.968811035156250	kGALVYVEADAANYVFER	DDGSKGTTLSLVQK	3599.85173	3599.84399414062	4.0000000000000	0.900535132619823
		1	1	0.744920117884287
		1	10	0.88267798976268
		1	11	0.88267798976268
		1	12	0.88267798976268
		1	13	0.88267798976268
		1	2	0.76277726074143
		1	3	0.829106561191252
		1	4	0.846963704048395
		1	5	0.864820846905537
		1	6	0.88267798976268
		1	7	0.834205832170002
		1	8	0.852062975027144
		1	9	0.900535132619823
Zybaylov_103012_Rim1_02.9229.9229.3	1200.954345703125000	kGALVYVEADAANYVFER	DDGSKGTTLSLVQK	3599.85173	3599.83959960938	3.0000000000000	0.613095238095238
		1	1	0.476190476190476
		1	10	0.535714285714286
		1	11	0.535714285714286
		1	12	0.535714285714286
		1	13	0.535714285714286
		1	2	0.523809523809524
		1	3	0.541666666666667
		1	4	0.589285714285714
		1	5	0.607142857142857
		1	6	0.577380952380952
		1	7	0.595238095238095
		1	8	0.613095238095238
		1	9	0.583333333333333
Zybaylov_103012_Rim1_02.9232.9232.3	1200.956054687500000	kGALVYVEADAANYVFER	DDGSKGTTLSLVQK	3599.85173	3599.8447265625	3.0000000000000	0.44047619047619
		1	1	0.351190476190476
		1	10	0.44047619047619
		1	11	0.44047619047619
		1	12	0.44047619047619
		1	13	0.44047619047619
		1	2	0.398809523809524
		1	3	0.398809523809524
		1	4	0.398809523809524
		1	5	0.416666666666667
		1	6	0.43452380952381
		1	7	0.404761904761905
		1	8	0.422619047619048
		1	9	0.44047619047619
Zybaylov_103012_Rim1_02.9254.9254.5	720.975402832031250	kGALVYVEADAANYVFER	DDGSKGTTLSLVQK	3599.85173	3599.837890625	5.0000000000000	1.27964842782867
		1	1	1.27964842782867
		1	10	1.02373731121565
		1	11	1.02373731121565
		1	12	1.02373731121565
		1	13	0.946366674919535
		1	2	1.20227779153256
		1	3	1.2201349343897
		1	4	1.23799207724684
		1	5	1.25584922010399
		1	6	1.17847858380787
		1	7	1.17847858380787
		1	8	1.10110794751176
		1	9	1.10110794751176
Zybaylov_103012_Rim1_02.9345.9345.4	900.967651367187500	kGALVYVEADAANYVFER	DDGSKGTTLSLVQK	3599.85173	3599.83935546875	4.0000000000000	0.913293004498216
		1	1	0.793392275476966
		1	10	0.834205832170002
		1	11	0.785733674577323
		1	12	0.737261516984644
		1	13	0.737261516984644
		1	2	0.811249418334109
		1	3	0.829106561191252
		1	4	0.895435861641073
		1	5	0.913293004498216
		1	6	0.864820846905537
		1	7	0.88267798976268
		1	8	0.88267798976268
		1	9	0.88267798976268
Zybaylov_103012_Rim1_02.9347.9347.4	900.968383789062500	kGALVYVEADAANYVFER	DDGSKGTTLSLVQK	3599.85173	3599.84228515625	4.0000000000000	1.01023731968357
		1	1	0.775535132619823
		1	10	0.816348689312859
		1	11	0.76787653172018
		1	12	0.76787653172018
		1	13	0.76787653172018
		1	2	0.841864433069645
		1	3	0.859721575926788
		1	4	0.926050876376609
		1	5	0.992380176826431
		1	6	1.01023731968357
		1	7	0.961765162090895
		1	8	0.913293004498216
		1	9	0.864820846905537
Zybaylov_103012_Rim1_02.9362.9362.3	1200.955566406250000	kGALVYVEADAANYVFER	DDGSKGTTLSLVQK	3599.85173	3599.84326171875	3.0000000000000	0.601190476190476
		1	1	0.494047619047619
		1	10	0.55952380952381
		1	11	0.529761904761905
		1	12	0.529761904761905
		1	13	0.529761904761905
		1	2	0.511904761904762
		1	3	0.529761904761905
		1	4	0.547619047619048
		1	5	0.56547619047619
		1	6	0.583333333333333
		1	7	0.601190476190476
		1	8	0.571428571428571
		1	9	0.541666666666667
Zybaylov_103012_Rim1_02.9381.9381.3	1200.958007812500000	kGALVYVEADAANYVFER	DDGSKGTTLSLVQK	3599.85173	3599.8505859375	3.0000000000000	0.666666666666667
		1	1	0.511904761904762
		1	10	0.636904761904762
		1	11	0.607142857142857
		1	12	0.577380952380952
		1	13	0.577380952380952
		1	2	0.529761904761905
		1	3	0.547619047619048
		1	4	0.595238095238095
		1	5	0.613095238095238
		1	6	0.630952380952381
		1	7	0.630952380952381
		1	8	0.648809523809524
		1	9	0.666666666666667
Zybaylov_103012_Rim1_02.9469.9469.4	900.967895507812500	kGALVYVEADAANYVFER	DDGSKGTTLSLVQK	3599.85173	3599.84033203125	4.0000000000000	1.0765666201334
		1	1	1.05870947727625
		1	10	0.852062975027144
		1	11	0.852062975027144
		1	12	0.803590817434466
		1	13	0.803590817434466
		1	2	1.0765666201334
		1	3	1.02809446254072
		1	4	1.02809446254072
		1	5	1.04595160539786
		1	6	0.997479447805181
		1	7	0.997479447805181
		1	8	0.949007290212502
		1	9	0.900535132619823
Zybaylov_103012_Rim1_02.9496.9496.4	900.969421386718750	kGALVYVEADAANYVFER	DDGSKGTTLSLVQK	3599.85173	3599.84643554688	4.0000000000000	0.864820846905537
		1	1	0.846963704048395
		1	10	0.706646502249108
		1	11	0.706646502249108
		1	12	0.706646502249108
		1	13	0.706646502249108
		1	2	0.864820846905537
		1	3	0.816348689312859
		1	4	0.834205832170002
		1	5	0.852062975027144
		1	6	0.852062975027144
		1	7	0.852062975027144
		1	8	0.803590817434466
		1	9	0.755118659841787
Zybaylov_103012_Rim1_02.9668.9668.4	900.967224121093750	kGALVYVEADAANYVFER	DDGSKGTTLSLVQK	3599.85173	3599.83764648438	4.0000000000000	0.76787653172018
		1	1	0.665832945556073
		1	10	0.670932216534822
		1	11	0.670932216534822
		1	12	0.670932216534822
		1	13	0.670932216534822
		1	2	0.732162246005894
		1	3	0.683690088413215
		1	4	0.701547231270358
		1	5	0.76787653172018
		1	6	0.76787653172018
		1	7	0.719404374127501
		1	8	0.670932216534822
		1	9	0.670932216534822
Zybaylov_103012_Rim1_02.10119.10119.4	900.972045898437500	kGALVYVEADAANYVFER	DDGSKGTTLSLVQK	3599.85173	3599.85693359375	4.0000000000000	0.966864433069645
		1	1	0.913293004498216
		1	10	0.821447960291608
		1	11	0.821447960291608
		1	12	0.821447960291608
		1	13	0.821447960291608
		1	2	0.931150147355359
		1	3	0.949007290212502
		1	4	0.966864433069645
		1	5	0.918392275476966
		1	6	0.918392275476966
		1	7	0.918392275476966
		1	8	0.869920117884287
		1	9	0.869920117884287
Zybaylov_103012_Rim1_02.10203.10203.4	900.969177246093750	kGALVYVEADAANYVFER	DDGSKGTTLSLVQK	3599.85173	3599.84545898438	4.0000000000000	0.997479447805181
		1	1	0.829106561191252
		1	10	0.852062975027144
		1	11	0.803590817434466
		1	12	0.803590817434466
		1	13	0.803590817434466
		1	2	0.846963704048395
		1	3	0.913293004498216
		1	4	0.931150147355359
		1	5	0.997479447805181
		1	6	0.997479447805181
		1	7	0.949007290212502
		1	8	0.900535132619823
		1	9	0.852062975027144
Zybaylov_103012_Rim1_02.10313.10313.4	900.968200683593750	kGALVYVEADAANYVFER	DDGSKGTTLSLVQK	3599.85173	3599.84155273438	4.0000000000000	0.997479447805181
		1	1	0.87757871878393
		1	10	0.803590817434466
		1	11	0.803590817434466
		1	12	0.803590817434466
		1	13	0.803590817434466
		1	2	0.895435861641073
		1	3	0.913293004498216
		1	4	0.931150147355359
		1	5	0.997479447805181
		1	6	0.949007290212502
		1	7	0.900535132619823
		1	8	0.852062975027144
		1	9	0.852062975027144
Zybaylov_103012_Rim1_02.10326.10326.4	900.968078613281250	kGALVYVEADAANYVFER	DDGSKGTTLSLVQK	3599.85173	3599.84106445312	4.0000000000000	1.17351093531875
		1	1	0.974523033969288
		1	10	1.0765666201334
		1	11	1.02809446254072
		1	12	0.979622304948038
		1	13	0.979622304948038
		1	2	0.992380176826431
		1	3	0.992380176826431
		1	4	1.05870947727625
		1	5	1.12503877772607
		1	6	1.12503877772607
		1	7	1.17351093531875
		1	8	1.12503877772607
		1	9	1.0765666201334
Zybaylov_103012_Rim1_02.10489.10489.4	900.968872070312500	kGALVYVEADAANYVFER	DDGSKGTTLSLVQK	3599.85173	3599.84423828125	4.0000000000000	1.11228090584768
		1	1	1.01023731968357
		1	10	0.918392275476966
		1	11	0.869920117884287
		1	12	0.869920117884287
		1	13	0.869920117884287
		1	2	1.0765666201334
		1	3	1.09442376299054
		1	4	1.11228090584768
		1	5	1.063808748255
		1	6	1.063808748255
		1	7	1.01533659066232
		1	8	1.01533659066232
		1	9	0.966864433069645
Zybaylov_103012_Rim1_02.10690.10690.4	900.967102050781250	kGALVYVEADAANYVFER	DDGSKGTTLSLVQK	3599.85173	3599.83715820312	4.0000000000000	0.864820846905537
		1	1	0.811249418334109
		1	10	0.76787653172018
		1	11	0.76787653172018
		1	12	0.719404374127501
		1	13	0.719404374127501
		1	2	0.829106561191252
		1	3	0.846963704048395
		1	4	0.846963704048395
		1	5	0.864820846905537
		1	6	0.864820846905537
		1	7	0.816348689312859
		1	8	0.864820846905537
		1	9	0.816348689312859
Zybaylov_103012_Rim1_02.10841.10841.4	900.970520019531250	kGALVYVEADAANYVFER	DDGSKGTTLSLVQK	3599.85173	3599.85083007812	4.0000000000000	0.931150147355359
		1	1	0.714305103148751
		1	10	0.785733674577323
		1	11	0.785733674577323
		1	12	0.785733674577323
		1	13	0.785733674577323
		1	2	0.732162246005894
		1	3	0.798491546455716
		1	4	0.864820846905537
		1	5	0.931150147355359
		1	6	0.88267798976268
		1	7	0.834205832170002
		1	8	0.785733674577323
		1	9	0.785733674577323
Zybaylov_103012_Rim1_02.10847.10847.4	900.968505859375000	kGALVYVEADAANYVFER	DDGSKGTTLSLVQK	3599.85173	3599.8427734375	4.0000000000000	0.88267798976268
		1	1	0.793392275476966
		1	10	0.785733674577323
		1	11	0.737261516984644
		1	12	0.737261516984644
		1	13	0.688789359391965
		1	2	0.811249418334109
		1	3	0.76277726074143
		1	4	0.829106561191252
		1	5	0.846963704048395
		1	6	0.846963704048395
		1	7	0.864820846905537
		1	8	0.88267798976268
		1	9	0.834205832170002
Zybaylov_103012_Rim1_02.8802.8802.4	650.345825195312500	kGALVYVEADAANYVFER	NGKK	2597.36473	2597.35205078125	4.0000000000000	0.972252382675835
		1	1	0.91669682712028
		1	2	0.944474604898058
		1	3	0.972252382675835
Zybaylov_103012_Rim1_02.8322.8322.5	959.660217285156250	kGALVYVEADAANYVFER	KLEDAEGQENAASSELEHHHHHH	4793.26531	4793.26171875	5.0000000000000	0.499953159398567
		1	1	0.355824628788234
		1	10	0.486439645885053
		1	11	0.414375380579887
		1	12	0.4278888940934
		1	13	0.441402407606914
		1	14	0.441402407606914
		1	15	0.441402407606914
		1	16	0.441402407606914
		1	17	0.441402407606914
		1	18	0.441402407606914
		1	19	0.454915921120427
		1	2	0.355824628788234
		1	20	0.441402407606914
		1	21	0.454915921120427
		1	22	0.396365169328774
		1	3	0.355824628788234
		1	4	0.355824628788234
		1	5	0.4278888940934
		1	6	0.499953159398567
		1	7	0.499953159398567
		1	8	0.499953159398567
		1	9	0.486439645885053
Zybaylov_103012_Rim1_02.8330.8330.5	959.657348632812500	kGALVYVEADAANYVFER	KLEDAEGQENAASSELEHHHHHH	4793.26531	4793.24755859375	5.0000000000000	1.39175137008759
		1	1	0.990889503021219
		1	10	1.27914656424188
		1	11	1.27914656424188
		1	12	1.27914656424188
		1	13	1.2926600777554
		1	14	1.30617359126891
		1	15	1.37823785657408
		1	16	1.39175137008759
		1	17	1.39175137008759
		1	18	1.39175137008759
		1	19	1.33320061829594
		1	2	1.06295376832639
		1	20	1.27464986650429
		1	21	1.2881633800178
		1	22	1.22961262822615
		1	3	1.06295376832639
		1	4	1.13501803363155
		1	5	1.20708229893672
		1	6	1.27914656424188
		1	7	1.27914656424188
		1	8	1.22059581245023
		1	9	1.27914656424188
Zybaylov_103012_Rim1_02.8398.8398.6	799.882507324218750	kGALVYVEADAANYVFER	KLEDAEGQENAASSELEHHHHHH	4793.26531	4793.248046875	6.0000000000000	1.44130872640405
		1	1	1.34221743407185
		1	10	1.14855496744578
		1	11	1.09000421565413
		1	12	1.09000421565413
		1	13	1.09000421565413
		1	14	1.03145346386248
		1	15	1.03145346386248
		1	16	0.972902712070823
		1	17	0.972902712070823
		1	18	0.972902712070823
		1	19	0.972902712070823
		1	2	1.35573094758537
		1	20	0.972902712070823
		1	21	0.972902712070823
		1	22	0.972902712070823
		1	3	1.42779521289053
		1	4	1.44130872640405
		1	5	1.38275797461239
		1	6	1.32420722282074
		1	7	1.26565647102909
		1	8	1.20710571923744
		1	9	1.14855496744578
Zybaylov_103012_Rim1_02.8444.8444.5	959.657836914062500	kGALVYVEADAANYVFER	KLEDAEGQENAASSELEHHHHHH	4793.26531	4793.25	5.0000000000000	0.909831842240854
		1	1	0.612557965244274
		1	10	0.725162771089981
		1	11	0.725162771089981
		1	12	0.725162771089981
		1	13	0.797227036395147
		1	14	0.810740549908661
		1	15	0.882804815213827
		1	16	0.896318328727341
		1	17	0.896318328727341
		1	18	0.896318328727341
		1	19	0.896318328727341
		1	2	0.626071478757787
		1	20	0.909831842240854
		1	21	0.909831842240854
		1	22	0.851281090449201
		1	3	0.639584992271301
		1	4	0.639584992271301
		1	5	0.653098505784814
		1	6	0.725162771089981
		1	7	0.653098505784814
		1	8	0.666612019298328
		1	9	0.725162771089981
Zybaylov_103012_Rim1_02.8448.8448.6	799.883789062500000	kGALVYVEADAANYVFER	KLEDAEGQENAASSELEHHHHHH	4793.26531	4793.255859375	6.0000000000000	1.31069370930723
		1	1	1.08098739987821
		1	10	1.19359220572392
		1	11	1.25214295751557
		1	12	1.31069370930723
		1	13	1.25214295751557
		1	14	1.25214295751557
		1	15	1.19359220572392
		1	16	1.25214295751557
		1	17	1.19359220572392
		1	18	1.19359220572392
		1	19	1.19359220572392
		1	2	1.08098739987821
		1	20	1.19359220572392
		1	21	1.19359220572392
		1	22	1.19359220572392
		1	3	1.09450091339173
		1	4	1.16656517869689
		1	5	1.23862944400206
		1	6	1.23862944400206
		1	7	1.18007869221041
		1	8	1.23862944400206
		1	9	1.25214295751557
Zybaylov_103012_Rim1_02.8455.8455.7	685.759399414062500	kGALVYVEADAANYVFER	KLEDAEGQENAASSELEHHHHHH	4793.26531	4793.26123046875	7.0000000000000	1.39627148812591
		1	1	1.18007869221041
		1	10	1.33772073633425
		1	11	1.33772073633425
		1	12	1.2791699845426
		1	13	1.22061923275095
		1	14	1.1620684809593
		1	15	1.1620684809593
		1	16	1.1620684809593
		1	17	1.1620684809593
		1	18	1.1620684809593
		1	19	1.1620684809593
		1	2	1.25214295751557
		1	20	1.1620684809593
		1	21	1.1620684809593
		1	22	1.1620684809593
		1	3	1.26565647102909
		1	4	1.26565647102909
		1	5	1.33772073633425
		1	6	1.33772073633425
		1	7	1.39627148812591
		1	8	1.39627148812591
		1	9	1.33772073633425
Zybaylov_103012_Rim1_02.8462.8462.5	959.658325195312500	kGALVYVEADAANYVFER	KLEDAEGQENAASSELEHHHHHH	4793.26531	4793.25244140625	5.0000000000000	0.680125532811841
		1	1	0.454915921120427
		1	10	0.626071478757787
		1	11	0.554007213452621
		1	12	0.567520726966134
		1	13	0.581034240479648
		1	14	0.594547753993161
		1	15	0.594547753993161
		1	16	0.594547753993161
		1	17	0.653098505784814
		1	18	0.653098505784814
		1	19	0.653098505784814
		1	2	0.454915921120427
		1	20	0.666612019298328
		1	21	0.680125532811841
		1	22	0.621574781020188
		1	3	0.454915921120427
		1	4	0.454915921120427
		1	5	0.526980186425594
		1	6	0.59904445173076
		1	7	0.612557965244274
		1	8	0.612557965244274
		1	9	0.626071478757787
Zybaylov_103012_Rim1_02.8475.8475.4	1199.321289062500000	kGALVYVEADAANYVFER	KLEDAEGQENAASSELEHHHHHH	4793.26531	4793.25390625	4.0000000000000	0.472987645626082
		1	1	0.34171141825865
		1	10	0.395765472312704
		1	11	0.359083839539866
		1	12	0.409278985826217
		1	13	0.459474132112569
		1	14	0.459474132112569
		1	15	0.459474132112569
		1	16	0.472987645626082
		1	17	0.436306012853244
		1	18	0.436306012853244
		1	19	0.436306012853244
		1	2	0.355224931772163
		1	20	0.436306012853244
		1	21	0.399624380080406
		1	22	0.399624380080406
		1	3	0.355224931772163
		1	4	0.355224931772163
		1	5	0.368738445285677
		1	6	0.38225195879919
		1	7	0.395765472312704
		1	8	0.409278985826217
		1	9	0.359083839539866
Zybaylov_103012_Rim1_02.8484.8484.7	685.758850097656250	kGALVYVEADAANYVFER	KLEDAEGQENAASSELEHHHHHH	4793.26531	4793.25732421875	7.0000000000000	1.38275797461239
		1	1	1.0674738863647
		1	10	1.32420722282074
		1	11	1.32420722282074
		1	12	1.32420722282074
		1	13	1.32420722282074
		1	14	1.26565647102909
		1	15	1.26565647102909
		1	16	1.20710571923744
		1	17	1.20710571923744
		1	18	1.20710571923744
		1	19	1.20710571923744
		1	2	1.13953815166987
		1	20	1.26565647102909
		1	21	1.26565647102909
		1	22	1.26565647102909
		1	3	1.21160241697503
		1	4	1.2836666822802
		1	5	1.29718019579371
		1	6	1.29718019579371
		1	7	1.36924446109888
		1	8	1.36924446109888
		1	9	1.38275797461239
Zybaylov_103012_Rim1_02.9107.9107.5	821.417907714843750	DDGSkGTTLSLVQk	KGALVYVEADAANYVFERDDGSK	4102.0541	4102.05029296875	5.0000000000000	1.45945591092905
		5	1	1.36350506801113
		5	10	1.21201617562103
		5	11	1.14636836300614
		5	12	1.14636836300614
		5	13	1.08072055039126
		5	14	1.08072055039126
		5	15	1.09587206554278
		5	16	1.03022425292789
		5	17	0.964576440313009
		5	18	0.898928627698125
		5	19	0.898928627698125
		5	2	1.36350506801113
		5	20	0.898928627698125
		5	21	0.898928627698125
		5	22	0.898928627698125
		5	3	1.37865658316265
		5	4	1.45945591092905
		5	5	1.45945591092905
		5	6	1.39380809831416
		5	7	1.32816028569928
		5	8	1.3433118008508
		5	9	1.27766398823591
Zybaylov_103012_Rim1_02.9112.9112.5	821.415039062500000	DDGSkGTTLSLVQk	KGALVYVEADAANYVFERDDGSK	4102.0541	4102.0361328125	5.0000000000000	1.33827004884197
		5	1	1.13121684785463
		5	10	1.33827004884197
		5	11	1.33827004884197
		5	12	1.27262223622709
		5	13	1.20697442361221
		5	14	1.20697442361221
		5	15	1.20697442361221
		5	16	1.14132661099732
		5	17	1.07567879838244
		5	18	1.07567879838244
		5	19	1.01003098576755
		5	2	1.21201617562103
		5	20	1.01003098576755
		5	21	0.944383173152671
		5	22	0.944383173152671
		5	3	1.22716769077254
		5	4	1.30796701853894
		5	5	1.30796701853894
		5	6	1.32311853369046
		5	7	1.32311853369046
		5	8	1.32311853369046
		5	9	1.33827004884197
Zybaylov_103012_Rim1_02.9126.9126.4	1026.521240234375000	DDGSkGTTLSLVQk	KGALVYVEADAANYVFERDDGSK	4102.0541	4102.0537109375	4.0000000000000	0.984881387161517
		5	1	0.954578356858487
		5	10	0.948080150034547
		5	11	0.90695225874379
		5	12	0.865824367453032
		5	13	0.865824367453032
		5	14	0.865824367453032
		5	15	0.880975882604547
		5	16	0.839847991313789
		5	17	0.798720100023032
		5	18	0.798720100023032
		5	19	0.757592208732274
		5	2	0.954578356858487
		5	20	0.757592208732274
		5	21	0.757592208732274
		5	22	0.757592208732274
		5	3	0.969729872010002
		5	4	0.984881387161517
		5	5	0.94375349587076
		5	6	0.94375349587076
		5	7	0.958905011022275
		5	8	0.97405652617379
		5	9	0.932928634883032
Zybaylov_103012_Rim1_02.7646.7646.3	971.187255859375000	DDGSkGTTLSLVQk	YLKYSIASQPR	2910.54962	2910.53833007812	3.0000000000000	0.777777777777778
		5	1	0.650793650793651
		5	10	0.619047619047619
		5	2	0.714285714285714
		5	3	0.777777777777778
		5	4	0.714285714285714
		5	5	0.738095238095238
		5	6	0.738095238095238
		5	7	0.698412698412698
		5	8	0.658730158730159
		5	9	0.619047619047619
Zybaylov_103012_Rim1_02.7751.7751.4	728.642028808593750	DDGSkGTTLSLVQk	YLKYSIASQPR	2910.54962	2910.53686523437	4.0000000000000	1.01703634765524
		5	1	0.880978232769764
		5	10	0.846957241094049
		5	2	0.904787756579288
		5	3	0.928597280388811
		5	4	1.01703634765524
		5	5	0.952406804198335
		5	6	0.88777726074143
		5	7	0.823147717284525
		5	8	0.823147717284525
		5	9	0.846957241094049
Zybaylov_103012_Rim1_02.7773.7773.3	971.187622070312500	DDGSkGTTLSLVQk	YLKYSIASQPR	2910.54962	2910.53930664062	3.0000000000000	0.603174603174603
		5	1	0.428571428571429
		5	10	0.603174603174603
		5	2	0.492063492063492
		5	3	0.555555555555556
		5	4	0.555555555555556
		5	5	0.579365079365079
		5	6	0.579365079365079
		5	7	0.579365079365079
		5	8	0.579365079365079
		5	9	0.603174603174603
Zybaylov_103012_Rim1_02.7878.7878.4	728.643371582031250	DDGSkGTTLSLVQk	YLKYSIASQPR	2910.54962	2910.54223632812	4.0000000000000	0.904787756579288
		5	1	0.704100098236906
		5	10	0.775528669665478
		5	2	0.72790962204643
		5	3	0.816348689312859
		5	4	0.904787756579288
		5	5	0.840158213122383
		5	6	0.840158213122383
		5	7	0.840158213122383
		5	8	0.840158213122383
		5	9	0.775528669665478
Zybaylov_103012_Rim1_02.7880.7880.4	728.643188476562500	DDGSkGTTLSLVQk	YLKYSIASQPR	2910.54962	2910.54150390625	4.0000000000000	1.12248591075953
		5	1	0.921798252417145
		5	10	0.928597280388811
		5	2	0.945607776226669
		5	3	1.0340468434931
		5	4	1.12248591075953
		5	5	1.05785636730262
		5	6	1.05785636730262
		5	7	1.05785636730262
		5	8	0.993226823845716
		5	9	0.928597280388811
Zybaylov_103012_Rim1_02.7891.7891.3	971.186767578125000	DDGSkGTTLSLVQk	YLKYSIASQPR	2910.54962	2910.53686523437	3.0000000000000	0.658730158730159
		5	1	0.507936507936508
		5	10	0.611111111111111
		5	2	0.531746031746032
		5	3	0.595238095238095
		5	4	0.658730158730159
		5	5	0.658730158730159
		5	6	0.658730158730159
		5	7	0.634920634920635
		5	8	0.634920634920635
		5	9	0.634920634920635
Zybaylov_103012_Rim1_02.7899.7899.3	971.187316894531250	DDGSkGTTLSLVQk	YLKYSIASQPR	2910.54962	2910.53857421875	3.0000000000000	0.753968253968254
		5	1	0.682539682539683
		5	10	0.674603174603175
		5	2	0.706349206349206
		5	3	0.73015873015873
		5	4	0.73015873015873
		5	5	0.753968253968254
		5	6	0.753968253968254
		5	7	0.753968253968254
		5	8	0.753968253968254
		5	9	0.714285714285714
Zybaylov_103012_Rim1_02.7988.7988.4	728.641723632812500	DDGSkGTTLSLVQk	YLKYSIASQPR	2910.54962	2910.53564453125	4.0000000000000	0.993226823845716
		5	1	0.85716870896024
		5	10	0.88777726074143
		5	2	0.880978232769764
		5	3	0.969417300036193
		5	4	0.993226823845716
		5	5	0.928597280388811
		5	6	0.928597280388811
		5	7	0.863967736931906
		5	8	0.863967736931906
		5	9	0.88777726074143
Zybaylov_103012_Rim1_02.7990.7990.4	728.641784667968750	DDGSkGTTLSLVQk	YLKYSIASQPR	2910.54962	2910.53588867188	4.0000000000000	0.928597280388811
		5	1	0.880978232769764
		5	10	0.670079106561191
		5	2	0.904787756579288
		5	3	0.928597280388811
		5	4	0.863967736931906
		5	5	0.799338193475001
		5	6	0.799338193475001
		5	7	0.734708650018096
		5	8	0.734708650018096
		5	9	0.670079106561191
Zybaylov_103012_Rim1_02.9214.9214.4	900.968994140625000	DDGSkGTTLSLVQk	KGALVYVEADAANYVFER	3599.85173	3599.8447265625	4.0000000000000	1.063808748255
		5	1	0.961765162090895
		5	10	0.966864433069645
		5	11	0.966864433069645
		5	12	1.01533659066232
		5	13	1.01533659066232
		5	14	1.01533659066232
		5	15	1.01533659066232
		5	16	1.01533659066232
		5	17	1.03319373351947
		5	2	0.979622304948038
		5	3	1.04595160539786
		5	4	1.063808748255
		5	5	1.063808748255
		5	6	1.01533659066232
		5	7	1.01533659066232
		5	8	1.01533659066232
		5	9	1.01533659066232
Zybaylov_103012_Rim1_02.9218.9218.4	900.968811035156250	DDGSkGTTLSLVQk	KGALVYVEADAANYVFER	3599.85173	3599.84399414062	4.0000000000000	0.931150147355359
		5	1	0.846963704048395
		5	10	0.688789359391965
		5	11	0.688789359391965
		5	12	0.640317201799287
		5	13	0.640317201799287
		5	14	0.640317201799287
		5	15	0.658174344656429
		5	16	0.658174344656429
		5	17	0.609702187063751
		5	2	0.864820846905537
		5	3	0.931150147355359
		5	4	0.931150147355359
		5	5	0.88267798976268
		5	6	0.834205832170002
		5	7	0.785733674577323
		5	8	0.737261516984644
		5	9	0.737261516984644
Zybaylov_103012_Rim1_02.9229.9229.3	1200.954345703125000	DDGSkGTTLSLVQk	KGALVYVEADAANYVFER	3599.85173	3599.83959960938	3.0000000000000	0.779761904761905
		5	1	0.589285714285714
		5	10	0.75
		5	11	0.779761904761905
		5	12	0.75
		5	13	0.720238095238095
		5	14	0.720238095238095
		5	15	0.738095238095238
		5	16	0.708333333333333
		5	17	0.726190476190476
		5	2	0.607142857142857
		5	3	0.607142857142857
		5	4	0.625
		5	5	0.625
		5	6	0.642857142857143
		5	7	0.642857142857143
		5	8	0.69047619047619
		5	9	0.720238095238095
Zybaylov_103012_Rim1_02.9232.9232.3	1200.956054687500000	DDGSkGTTLSLVQk	KGALVYVEADAANYVFER	3599.85173	3599.8447265625	3.0000000000000	0.464285714285714
		5	1	0.398809523809524
		5	10	0.464285714285714
		5	11	0.464285714285714
		5	12	0.464285714285714
		5	13	0.464285714285714
		5	14	0.464285714285714
		5	15	0.446428571428571
		5	16	0.416666666666667
		5	17	0.43452380952381
		5	2	0.398809523809524
		5	3	0.398809523809524
		5	4	0.398809523809524
		5	5	0.446428571428571
		5	6	0.446428571428571
		5	7	0.446428571428571
		5	8	0.446428571428571
		5	9	0.464285714285714
Zybaylov_103012_Rim1_02.9254.9254.5	720.975402832031250	DDGSkGTTLSLVQk	KGALVYVEADAANYVFER	3599.85173	3599.837890625	5.0000000000000	1.25584922010399
		5	1	1.23799207724684
		5	10	1.04159445407279
		5	11	1.04159445407279
		5	12	1.04159445407279
		5	13	1.04159445407279
		5	14	1.04159445407279
		5	15	1.04159445407279
		5	16	1.04159445407279
		5	17	1.04159445407279
		5	2	1.25584922010399
		5	3	1.17847858380787
		5	4	1.10110794751176
		5	5	1.10110794751176
		5	6	1.02373731121565
		5	7	1.04159445407279
		5	8	1.04159445407279
		5	9	1.04159445407279
Zybaylov_103012_Rim1_02.9345.9345.4	900.967651367187500	DDGSkGTTLSLVQk	KGALVYVEADAANYVFER	3599.85173	3599.83935546875	4.0000000000000	1.04595160539786
		5	1	0.895435861641073
		5	10	0.918392275476966
		5	11	0.918392275476966
		5	12	0.918392275476966
		5	13	0.918392275476966
		5	14	0.918392275476966
		5	15	0.918392275476966
		5	16	0.918392275476966
		5	17	0.869920117884287
		5	2	0.961765162090895
		5	3	1.02809446254072
		5	4	1.04595160539786
		5	5	0.997479447805181
		5	6	0.949007290212502
		5	7	0.966864433069645
		5	8	0.966864433069645
		5	9	0.966864433069645
Zybaylov_103012_Rim1_02.9347.9347.4	900.968383789062500	DDGSkGTTLSLVQk	KGALVYVEADAANYVFER	3599.85173	3599.84228515625	4.0000000000000	1.23984023576857
		5	1	0.974523033969288
		5	10	1.23984023576857
		5	11	1.1913680781759
		5	12	1.1913680781759
		5	13	1.17351093531875
		5	14	1.17351093531875
		5	15	1.1913680781759
		5	16	1.14289592058322
		5	17	1.14289592058322
		5	2	1.04085233441911
		5	3	1.10718163486893
		5	4	1.12503877772607
		5	5	1.12503877772607
		5	6	1.14289592058322
		5	7	1.09442376299054
		5	8	1.14289592058322
		5	9	1.1913680781759
Zybaylov_103012_Rim1_02.9362.9362.3	1200.955566406250000	DDGSkGTTLSLVQk	KGALVYVEADAANYVFER	3599.85173	3599.84326171875	3.0000000000000	0.726190476190476
		5	1	0.547619047619048
		5	10	0.696428571428571
		5	11	0.696428571428571
		5	12	0.666666666666667
		5	13	0.666666666666667
		5	14	0.666666666666667
		5	15	0.666666666666667
		5	16	0.636904761904762
		5	17	0.654761904761905
		5	2	0.56547619047619
		5	3	0.583333333333333
		5	4	0.601190476190476
		5	5	0.630952380952381
		5	6	0.678571428571429
		5	7	0.726190476190476
		5	8	0.726190476190476
		5	9	0.696428571428571
Zybaylov_103012_Rim1_02.9381.9381.3	1200.958007812500000	DDGSkGTTLSLVQk	KGALVYVEADAANYVFER	3599.85173	3599.8505859375	3.0000000000000	0.648809523809524
		5	1	0.595238095238095
		5	10	0.648809523809524
		5	11	0.619047619047619
		5	12	0.619047619047619
		5	13	0.619047619047619
		5	14	0.619047619047619
		5	15	0.619047619047619
		5	16	0.619047619047619
		5	17	0.636904761904762
		5	2	0.613095238095238
		5	3	0.630952380952381
		5	4	0.648809523809524
		5	5	0.648809523809524
		5	6	0.648809523809524
		5	7	0.648809523809524
		5	8	0.619047619047619
		5	9	0.619047619047619
Zybaylov_103012_Rim1_02.9469.9469.4	900.967895507812500	DDGSkGTTLSLVQk	KGALVYVEADAANYVFER	3599.85173	3599.84033203125	4.0000000000000	1.13013804870482
		5	1	1.02809446254072
		5	10	0.984721575926788
		5	11	0.984721575926788
		5	12	0.936249418334109
		5	13	0.936249418334109
		5	14	0.936249418334109
		5	15	0.936249418334109
		5	16	0.936249418334109
		5	17	0.936249418334109
		5	2	1.04595160539786
		5	3	1.11228090584768
		5	4	1.13013804870482
		5	5	1.08166589111215
		5	6	1.03319373351947
		5	7	1.03319373351947
		5	8	1.03319373351947
		5	9	0.984721575926788
Zybaylov_103012_Rim1_02.9496.9496.4	900.969421386718750	DDGSkGTTLSLVQk	KGALVYVEADAANYVFER	3599.85173	3599.84643554688	4.0000000000000	0.88777726074143
		5	1	0.834205832170002
		5	10	0.790832945556073
		5	11	0.790832945556073
		5	12	0.790832945556073
		5	13	0.790832945556073
		5	14	0.790832945556073
		5	15	0.742360787963394
		5	16	0.742360787963394
		5	17	0.742360787963394
		5	2	0.852062975027144
		5	3	0.869920117884287
		5	4	0.88777726074143
		5	5	0.839305103148751
		5	6	0.790832945556073
		5	7	0.790832945556073
		5	8	0.790832945556073
		5	9	0.790832945556073
Zybaylov_103012_Rim1_02.9668.9668.4	900.967224121093750	DDGSkGTTLSLVQk	KGALVYVEADAANYVFER	3599.85173	3599.83764648438	4.0000000000000	0.839305103148751
		5	1	0.750019388863037
		5	10	0.790832945556073
		5	11	0.790832945556073
		5	12	0.790832945556073
		5	13	0.790832945556073
		5	14	0.790832945556073
		5	15	0.790832945556073
		5	16	0.790832945556073
		5	17	0.790832945556073
		5	2	0.76787653172018
		5	3	0.785733674577323
		5	4	0.803590817434466
		5	5	0.755118659841787
		5	6	0.77297580269893
		5	7	0.77297580269893
		5	8	0.790832945556073
		5	9	0.839305103148751
Zybaylov_103012_Rim1_02.10119.10119.4	900.972045898437500	DDGSkGTTLSLVQk	KGALVYVEADAANYVFER	3599.85173	3599.85693359375	4.0000000000000	0.936249418334109
		5	1	0.900535132619823
		5	10	0.790832945556073
		5	11	0.790832945556073
		5	12	0.742360787963394
		5	13	0.742360787963394
		5	14	0.742360787963394
		5	15	0.693888630370715
		5	16	0.693888630370715
		5	17	0.693888630370715
		5	2	0.918392275476966
		5	3	0.936249418334109
		5	4	0.88777726074143
		5	5	0.839305103148751
		5	6	0.790832945556073
		5	7	0.790832945556073
		5	8	0.790832945556073
		5	9	0.790832945556073
Zybaylov_103012_Rim1_02.10203.10203.4	900.969177246093750	DDGSkGTTLSLVQk	KGALVYVEADAANYVFER	3599.85173	3599.84545898438	4.0000000000000	1.13013804870482
		5	1	0.979622304948038
		5	10	1.08166589111215
		5	11	1.13013804870482
		5	12	1.13013804870482
		5	13	1.13013804870482
		5	14	1.13013804870482
		5	15	1.13013804870482
		5	16	1.08166589111215
		5	17	1.08166589111215
		5	2	0.997479447805181
		5	3	1.063808748255
		5	4	1.13013804870482
		5	5	1.13013804870482
		5	6	1.13013804870482
		5	7	1.08166589111215
		5	8	1.13013804870482
		5	9	1.13013804870482
Zybaylov_103012_Rim1_02.10313.10313.4	900.968200683593750	DDGSkGTTLSLVQk	KGALVYVEADAANYVFER	3599.85173	3599.84155273438	4.0000000000000	1.01533659066232
		5	1	0.979622304948038
		5	10	0.936249418334109
		5	11	0.88777726074143
		5	12	0.88777726074143
		5	13	0.88777726074143
		5	14	0.88777726074143
		5	15	0.88777726074143
		5	16	0.88777726074143
		5	17	0.839305103148751
		5	2	0.997479447805181
		5	3	1.01533659066232
		5	4	0.966864433069645
		5	5	0.918392275476966
		5	6	0.918392275476966
		5	7	0.869920117884287
		5	8	0.936249418334109
		5	9	0.936249418334109
Zybaylov_103012_Rim1_02.10326.10326.4	900.968078613281250	DDGSkGTTLSLVQk	KGALVYVEADAANYVFER	3599.85173	3599.84106445312	4.0000000000000	1.22708236389018
		5	1	1.10718163486893
		5	10	1.08166589111215
		5	11	1.13013804870482
		5	12	1.1786102062975
		5	13	1.16075306344036
		5	14	1.16075306344036
		5	15	1.11228090584768
		5	16	1.063808748255
		5	17	1.01533659066232
		5	2	1.12503877772607
		5	3	1.14289592058322
		5	4	1.16075306344036
		5	5	1.22708236389018
		5	6	1.1786102062975
		5	7	1.13013804870482
		5	8	1.08166589111215
		5	9	1.08166589111215
Zybaylov_103012_Rim1_02.10489.10489.4	900.968872070312500	DDGSkGTTLSLVQk	KGALVYVEADAANYVFER	3599.85173	3599.84423828125	4.0000000000000	1.08166589111215
		5	1	1.04595160539786
		5	10	0.790832945556073
		5	11	0.790832945556073
		5	12	0.790832945556073
		5	13	0.790832945556073
		5	14	0.790832945556073
		5	15	0.790832945556073
		5	16	0.790832945556073
		5	17	0.742360787963394
		5	2	1.063808748255
		5	3	1.08166589111215
		5	4	1.03319373351947
		5	5	0.984721575926788
		5	6	0.936249418334109
		5	7	0.88777726074143
		5	8	0.839305103148751
		5	9	0.839305103148751
Zybaylov_103012_Rim1_02.10690.10690.4	900.967102050781250	DDGSkGTTLSLVQk	KGALVYVEADAANYVFER	3599.85173	3599.83715820312	4.0000000000000	0.869920117884287
		5	1	0.846963704048395
		5	10	0.785733674577323
		5	11	0.834205832170002
		5	12	0.785733674577323
		5	13	0.834205832170002
		5	14	0.834205832170002
		5	15	0.852062975027144
		5	16	0.869920117884287
		5	17	0.869920117884287
		5	2	0.864820846905537
		5	3	0.864820846905537
		5	4	0.816348689312859
		5	5	0.834205832170002
		5	6	0.785733674577323
		5	7	0.737261516984644
		5	8	0.785733674577323
		5	9	0.785733674577323
Zybaylov_103012_Rim1_02.10841.10841.4	900.970520019531250	DDGSkGTTLSLVQk	KGALVYVEADAANYVFER	3599.85173	3599.85083007812	4.0000000000000	1.08166589111215
		5	1	0.913293004498216
		5	10	1.08166589111215
		5	11	1.08166589111215
		5	12	1.08166589111215
		5	13	1.08166589111215
		5	14	1.08166589111215
		5	15	1.03319373351947
		5	16	1.03319373351947
		5	17	1.03319373351947
		5	2	0.979622304948038
		5	3	0.997479447805181
		5	4	1.01533659066232
		5	5	1.08166589111215
		5	6	1.08166589111215
		5	7	1.03319373351947
		5	8	1.08166589111215
		5	9	1.08166589111215
Zybaylov_103012_Rim1_02.10847.10847.4	900.968505859375000	DDGSkGTTLSLVQk	KGALVYVEADAANYVFER	3599.85173	3599.8427734375	4.0000000000000	0.900535132619823
		5	1	0.829106561191252
		5	10	0.900535132619823
		5	11	0.900535132619823
		5	12	0.852062975027144
		5	13	0.852062975027144
		5	14	0.852062975027144
		5	15	0.803590817434466
		5	16	0.803590817434466
		5	17	0.755118659841787
		5	2	0.846963704048395
		5	3	0.864820846905537
		5	4	0.88267798976268
		5	5	0.900535132619823
		5	6	0.900535132619823
		5	7	0.852062975027144
		5	8	0.852062975027144
		5	9	0.900535132619823
Zybaylov_103012_Rim1_02.9616.9616.4	868.946472167968750	DDGSkGTTLSLVQk	GALVYVEADAANYVFER	3471.75676	3471.75463867188	4.0000000000000	1.13495797643463
		5	1	1.01061647967185
		5	10	0.984155708368521
		5	11	0.933888285679817
		5	12	0.883620862991113
		5	13	0.883620862991113
		5	14	0.883620862991113
		5	15	0.883620862991113
		5	16	0.883620862991113
		5	2	1.02913499819037
		5	3	1.04765351670889
		5	4	1.11643945791611
		5	5	1.13495797643463
		5	6	1.08469055374593
		5	7	1.03442313105722
		5	8	1.03442313105722
		5	9	1.03442313105722
Zybaylov_103012_Rim1_02.10223.10223.4	868.944519042968750	DDGSkGTTLSLVQk	GALVYVEADAANYVFER	3471.75676	3471.74682617188	4.0000000000000	0.735472714842965
		5	1	0.523826758354446
		5	10	0.716954196324446
		5	11	0.716954196324446
		5	12	0.735472714842965
		5	13	0.735472714842965
		5	14	0.735472714842965
		5	15	0.685205292154261
		5	16	0.634937869465557
		5	2	0.542345276872964
		5	3	0.611131218080187
		5	4	0.629649736598705
		5	5	0.648168255117224
		5	6	0.648168255117224
		5	7	0.666686773635742
		5	8	0.735472714842965
		5	9	0.716954196324446
Zybaylov_103012_Rim1_02.10721.10721.4	868.947021484375000	DDGSkGTTLSLVQk	GALVYVEADAANYVFER	3471.75676	3471.7568359375	4.0000000000000	1.03442313105722
		5	1	0.928600152812965
		5	10	0.883620862991113
		5	11	0.833353440302409
		5	12	0.833353440302409
		5	13	0.833353440302409
		5	14	0.833353440302409
		5	15	0.833353440302409
		5	16	0.783086017613705
		5	2	0.997386094020187
		5	3	0.997386094020187
		5	4	1.01590461253871
		5	5	1.03442313105722
		5	6	0.984155708368521
		5	7	0.933888285679817
		5	8	0.933888285679817
		5	9	0.883620862991113
Zybaylov_103012_Rim1_02.8286.8286.4	633.851013183593750	DDGSkGTTLSLVQk	GTTLSLVQK	2531.38517	2531.37280273438	4.0000000000000	1.09777701582948
		5	1	0.875964340819475
		5	2	0.973712783587634
		5	3	1.07146122635579
		5	4	1.09777701582948
		5	5	1.026344362535
		5	6	0.954911709240528
		5	7	0.954911709240528
		5	8	0.954911709240528
Zybaylov_103012_Rim1_02.8288.8288.4	633.851318359375000	DDGSkGTTLSLVQk	GTTLSLVQK	2531.38517	2531.3740234375	4.0000000000000	0.661666380936053
		5	1	0.511286359220527
		5	2	0.609034801988685
		5	3	0.635350591462369
		5	4	0.661666380936053
		5	5	0.661666380936053
		5	6	0.59023372764158
		5	7	0.59023372764158
		5	8	0.59023372764158
Zybaylov_103012_Rim1_02.5839.5839.6	684.157348632812500	DDGSkGTTLSLVQk	LEDAEGQENAASSELEHHHHHH	4098.90615	4098.89697265625	6.0000000000000	1.44779029462738
		5	1	1.36446598786828
		5	10	1.04159445407279
		5	11	1.04159445407279
		5	12	1.04159445407279
		5	13	0.973895147313691
		5	14	0.973895147313691
		5	15	0.973895147313691
		5	16	0.973895147313691
		5	17	0.906195840554593
		5	18	0.906195840554593
		5	19	0.838496533795494
		5	2	1.44779029462738
		5	20	0.906195840554593
		5	21	0.906195840554593
		5	3	1.38009098786828
		5	4	1.31239168110919
		5	5	1.24469237435009
		5	6	1.17699306759099
		5	7	1.10929376083189
		5	8	1.10929376083189
		5	9	1.10929376083189
Zybaylov_103012_Rim1_02.5850.5850.5	820.784973144531250	DDGSkGTTLSLVQk	LEDAEGQENAASSELEHHHHHH	4098.90615	4098.8857421875	5.0000000000000	1.49986460138648
		5	1	1.16656737435009
		5	10	1.36446598786828
		5	11	1.29676668110919
		5	12	1.22906737435009
		5	13	1.22906737435009
		5	14	1.22906737435009
		5	15	1.22906737435009
		5	16	1.22906737435009
		5	17	1.22906737435009
		5	18	1.22906737435009
		5	19	1.22906737435009
		5	2	1.24989168110919
		5	20	1.22906737435009
		5	21	1.16136806759099
		5	3	1.26551668110919
		5	4	1.28114168110919
		5	5	1.34884098786828
		5	6	1.43216529462738
		5	7	1.49986460138648
		5	8	1.43216529462738
		5	9	1.43216529462738
Zybaylov_103012_Rim1_02.5854.5854.5	820.785888671875000	DDGSkGTTLSLVQk	LEDAEGQENAASSELEHHHHHH	4098.90615	4098.89013671875	5.0000000000000	1.49986460138648
		5	1	1.40091529462738
		5	10	1.36446598786828
		5	11	1.36446598786828
		5	12	1.29676668110919
		5	13	1.22906737435009
		5	14	1.22906737435009
		5	15	1.22906737435009
		5	16	1.22906737435009
		5	17	1.22906737435009
		5	18	1.22906737435009
		5	19	1.22906737435009
		5	2	1.48423960138648
		5	20	1.22906737435009
		5	21	1.16136806759099
		5	3	1.49986460138648
		5	4	1.43216529462738
		5	5	1.36446598786828
		5	6	1.36446598786828
		5	7	1.43216529462738
		5	8	1.36446598786828
		5	9	1.36446598786828
Zybaylov_103012_Rim1_02.5864.5864.6	684.157592773437500	DDGSkGTTLSLVQk	LEDAEGQENAASSELEHHHHHH	4098.90615	4098.8984375	6.0000000000000	1.38009098786828
		5	1	1.36446598786828
		5	10	1.10929376083189
		5	11	1.04159445407279
		5	12	1.04159445407279
		5	13	1.04159445407279
		5	14	1.04159445407279
		5	15	1.04159445407279
		5	16	0.973895147313691
		5	17	1.04159445407279
		5	18	1.04159445407279
		5	19	1.04159445407279
		5	2	1.38009098786828
		5	20	1.04159445407279
		5	21	1.04159445407279
		5	3	1.31239168110919
		5	4	1.24469237435009
		5	5	1.17699306759099
		5	6	1.10929376083189
		5	7	1.17699306759099
		5	8	1.17699306759099
		5	9	1.17699306759099
Zybaylov_103012_Rim1_02.9350.9350.3	1157.926757812500000	DINLLkNGk	MSIVGRIGSEFTEHTSANNNR	3470.77341	3470.7568359375	3.0000000000000	0.634615384615385
		6	1	0.506410256410256
		6	10	0.57051282051282
		6	11	0.551282051282051
		6	12	0.583333333333333
		6	13	0.615384615384615
		6	14	0.583333333333333
		6	15	0.583333333333333
		6	16	0.583333333333333
		6	17	0.551282051282051
		6	18	0.57051282051282
		6	19	0.57051282051282
		6	2	0.525641025641026
		6	20	0.551282051282051
		6	3	0.544871794871795
		6	4	0.564102564102564
		6	5	0.583333333333333
		6	6	0.634615384615385
		6	7	0.602564102564103
		6	8	0.602564102564103
		6	9	0.602564102564103
Zybaylov_103012_Rim1_02.9357.9357.3	1157.927490234375000	DINLLkNGk	MSIVGRIGSEFTEHTSANNNR	3470.77341	3470.75903320312	3.0000000000000	0.730769230769231
		6	1	0.487179487179487
		6	10	0.692307692307692
		6	11	0.673076923076923
		6	12	0.673076923076923
		6	13	0.692307692307692
		6	14	0.711538461538462
		6	15	0.730769230769231
		6	16	0.730769230769231
		6	17	0.730769230769231
		6	18	0.730769230769231
		6	19	0.730769230769231
		6	2	0.506410256410256
		6	20	0.730769230769231
		6	3	0.525641025641026
		6	4	0.576923076923077
		6	5	0.628205128205128
		6	6	0.67948717948718
		6	7	0.67948717948718
		6	8	0.66025641025641
		6	9	0.66025641025641
Zybaylov_103012_Rim1_02.9358.9358.4	868.697326660156250	DINLLkNGk	MSIVGRIGSEFTEHTSANNNR	3470.77341	3470.75805664062	4.0000000000000	1.03574709763635
		6	1	0.906623235613464
		6	10	0.931345527436733
		6	11	0.879144742336925
		6	12	0.826943957237117
		6	13	0.826943957237117
		6	14	0.774743172137309
		6	15	0.722542387037501
		6	16	0.722542387037501
		6	17	0.722542387037501
		6	18	0.670341601937693
		6	19	0.618140816837885
		6	2	0.925854004844233
		6	20	0.618140816837885
		6	3	0.978054789944041
		6	4	0.99728555917481
		6	5	1.01651632840558
		6	6	1.03574709763635
		6	7	0.983546312536541
		6	8	0.931345527436733
		6	9	0.931345527436733
Zybaylov_103012_Rim1_02.9364.9364.4	868.698547363281250	DINLLkNGk	MSIVGRIGSEFTEHTSANNNR	3470.77341	3470.76293945312	4.0000000000000	0.626388540883655
		6	1	0.49726467886077
		6	10	0.574187755783847
		6	11	0.593418525014616
		6	12	0.541217739914808
		6	13	0.560448509145578
		6	14	0.579679278376347
		6	15	0.579679278376347
		6	16	0.579679278376347
		6	17	0.579679278376347
		6	18	0.527478493276539
		6	19	0.527478493276539
		6	2	0.516495448091539
		6	20	0.527478493276539
		6	3	0.568696233191347
		6	4	0.568696233191347
		6	5	0.568696233191347
		6	6	0.587927002422116
		6	7	0.607157771652886
		6	8	0.626388540883655
		6	9	0.626388540883655
Zybaylov_103012_Rim1_02.6250.6250.6	633.144592285156250	DINLLkNGk	KLEDAEGQENAASSELEHHHHHH	3792.83621	3792.82055664062	6.0000000000000	0.458312701163654
		6	1	0.30951349343897
		6	10	0.327370636296113
		6	11	0.30951349343897
		6	12	0.404741272592226
		6	13	0.422598415449369
		6	14	0.404741272592226
		6	15	0.404741272592226
		6	16	0.422598415449369
		6	17	0.422598415449369
		6	18	0.440455558306512
		6	19	0.440455558306512
		6	2	0.327370636296113
		6	20	0.458312701163654
		6	21	0.440455558306512
		6	22	0.440455558306512
		6	3	0.345227779153256
		6	4	0.345227779153256
		6	5	0.327370636296113
		6	6	0.327370636296113
		6	7	0.232142857142857
		6	8	0.327370636296113
		6	9	0.327370636296113
Zybaylov_103012_Rim1_02.6251.6251.4	949.216125488281250	DINLLkNGk	KLEDAEGQENAASSELEHHHHHH	3792.83621	3792.83325195312	4.0000000000000	0.931150147355359
		6	1	0.76277726074143
		6	10	0.785733674577323
		6	11	0.785733674577323
		6	12	0.834205832170002
		6	13	0.785733674577323
		6	14	0.737261516984644
		6	15	0.755118659841787
		6	16	0.706646502249108
		6	17	0.688789359391965
		6	18	0.622460058942144
		6	19	0.622460058942144
		6	2	0.780634403598573
		6	20	0.622460058942144
		6	21	0.622460058942144
		6	22	0.622460058942144
		6	3	0.846963704048395
		6	4	0.864820846905537
		6	5	0.931150147355359
		6	6	0.88267798976268
		6	7	0.88267798976268
		6	8	0.834205832170002
		6	9	0.834205832170002
Zybaylov_103012_Rim1_02.6757.6757.3	558.299865722656250	DINLLkNGk	DDGSK	1671.88366	1671.87609863281	3.0000000000000	0.45
		6	1	0.35
		6	2	0.4
		6	3	0.45
		6	4	0.45
Zybaylov_103012_Rim1_02.7061.7061.3	558.301452636718750	DINLLkNGk	DDGSK	1671.88366	1671.880859375	3.0000000000000	0.2
		6	1	0.2
		6	2	0.2
		6	3	0.2
		6	4	0.15
Zybaylov_103012_Rim1_02.7063.7063.3	558.300292968750000	DINLLkNGk	DDGSK	1671.88366	1671.87744140625	3.0000000000000	0.2
		6	1	0.2
		6	2	0.2
		6	3	0.2
		6	4	0.2
Zybaylov_103012_Rim1_02.8802.8802.4	650.345825195312500	NGkk	KGALVYVEADAANYVFER	2597.36473	2597.35205078125	4.0000000000000	1.02780793823139
		3	1	0.89685124864278
		3	10	0.746048980576668
		3	11	0.746048980576668
		3	12	0.746048980576668
		3	13	0.746048980576668
		3	14	0.746048980576668
		3	15	0.746048980576668
		3	16	0.746048980576668
		3	17	0.670647846543612
		3	2	1.00003016045361
		3	3	1.02780793823139
		3	4	1.02780793823139
		3	5	0.924629026420557
		3	6	0.849227892387502
		3	7	0.821450114609724
		3	8	0.746048980576668
		3	9	0.670647846543612
Zybaylov_103012_Rim1_02.8322.8322.5	959.660217285156250	kLEDAEGQENAASSELEHHHHHH	KGALVYVEADAANYVFER	4793.26531	4793.26171875	5.0000000000000	0.495456461660968
		1	1	0.34231111527472
		1	10	0.454915921120427
		1	11	0.454915921120427
		1	12	0.454915921120427
		1	13	0.454915921120427
		1	14	0.468429434633941
		1	15	0.481942948147454
		1	16	0.495456461660968
		1	17	0.436905709869315
		1	2	0.34231111527472
		1	3	0.34231111527472
		1	4	0.34231111527472
		1	5	0.355824628788234
		1	6	0.369338142301747
		1	7	0.382851655815261
		1	8	0.454915921120427
		1	9	0.454915921120427
Zybaylov_103012_Rim1_02.8330.8330.5	959.657348632812500	kLEDAEGQENAASSELEHHHHHH	KGALVYVEADAANYVFER	4793.26531	4793.24755859375	5.0000000000000	1.13052133589395
		1	1	0.990889503021219
		1	10	0.999906318797133
		1	11	0.94135556700548
		1	12	0.882804815213827
		1	13	0.869291301700314
		1	14	0.882804815213827
		1	15	0.896318328727341
		1	16	0.837767576935688
		1	17	0.779216825144035
		1	2	1.00440301653473
		1	3	1.0764672818399
		1	4	1.08998079535341
		1	5	1.10349430886693
		1	6	1.11700782238044
		1	7	1.13052133589395
		1	8	1.05845707058879
		1	9	1.05845707058879
Zybaylov_103012_Rim1_02.8398.8398.6	799.882507324218750	kLEDAEGQENAASSELEHHHHHH	KGALVYVEADAANYVFER	4793.26531	4793.248046875	6.0000000000000	1.39627148812591
		1	1	1.35573094758537
		1	10	1.23413274626446
		1	11	1.29268349805612
		1	12	1.23413274626446
		1	13	1.23413274626446
		1	14	1.17558199447281
		1	15	1.17558199447281
		1	16	1.17558199447281
		1	17	1.11703124268116
		1	2	1.36924446109888
		1	3	1.38275797461239
		1	4	1.39627148812591
		1	5	1.33772073633425
		1	6	1.35123424984777
		1	7	1.35123424984777
		1	8	1.29268349805612
		1	9	1.29268349805612
Zybaylov_103012_Rim1_02.8444.8444.5	959.657836914062500	kLEDAEGQENAASSELEHHHHHH	KGALVYVEADAANYVFER	4793.26531	4793.25	5.0000000000000	0.77020000936812
		1	1	0.59904445173076
		1	10	0.711649257576467
		1	11	0.653098505784814
		1	12	0.666612019298328
		1	13	0.594547753993161
		1	14	0.608061267506675
		1	15	0.621574781020188
		1	16	0.635088294533702
		1	17	0.576537542742049
		1	2	0.59904445173076
		1	3	0.671108717035927
		1	4	0.68462223054944
		1	5	0.698135744062954
		1	6	0.698135744062954
		1	7	0.698135744062954
		1	8	0.77020000936812
		1	9	0.77020000936812
Zybaylov_103012_Rim1_02.8448.8448.6	799.883789062500000	kLEDAEGQENAASSELEHHHHHH	KGALVYVEADAANYVFER	4793.26531	4793.255859375	6.0000000000000	1.20710571923744
		1	1	1.09450091339173
		1	10	1.09000421565413
		1	11	1.09000421565413
		1	12	1.03145346386248
		1	13	1.09000421565413
		1	14	1.03145346386248
		1	15	0.972902712070823
		1	16	0.972902712070823
		1	17	0.972902712070823
		1	2	1.16656517869689
		1	3	1.18007869221041
		1	4	1.19359220572392
		1	5	1.20710571923744
		1	6	1.14855496744578
		1	7	1.14855496744578
		1	8	1.09000421565413
		1	9	1.03145346386248
Zybaylov_103012_Rim1_02.8455.8455.7	685.759399414062500	kLEDAEGQENAASSELEHHHHHH	KGALVYVEADAANYVFER	4793.26531	4793.26123046875	7.0000000000000	1.20710571923744
		1	1	1.19359220572392
		1	10	1.04496697737599
		1	11	1.11703124268116
		1	12	1.0584804908895
		1	13	0.99992973909785
		1	14	0.941378987306197
		1	15	0.941378987306197
		1	16	0.941378987306197
		1	17	0.941378987306197
		1	2	1.20710571923744
		1	3	1.14855496744578
		1	4	1.1620684809593
		1	5	1.1620684809593
		1	6	1.10351772916764
		1	7	1.04496697737599
		1	8	0.986416225584337
		1	9	0.986416225584337
Zybaylov_103012_Rim1_02.8462.8462.5	959.658325195312500	kLEDAEGQENAASSELEHHHHHH	KGALVYVEADAANYVFER	4793.26531	4793.25244140625	5.0000000000000	0.554007213452621
		1	1	0.441402407606914
		1	10	0.396365169328774
		1	11	0.337814417537121
		1	12	0.351327931050635
		1	13	0.337814417537121
		1	14	0.337814417537121
		1	15	0.351327931050635
		1	16	0.364841444564148
		1	17	0.378354958077662
		1	2	0.51346667291208
		1	3	0.51346667291208
		1	4	0.526980186425594
		1	5	0.540493699939107
		1	6	0.554007213452621
		1	7	0.554007213452621
		1	8	0.540493699939107
		1	9	0.468429434633941
Zybaylov_103012_Rim1_02.8475.8475.4	1199.321289062500000	kLEDAEGQENAASSELEHHHHHH	KGALVYVEADAANYVFER	4793.26531	4793.25390625	4.0000000000000	0.432447105085542
		1	1	0.328197904745136
		1	10	0.432447105085542
		1	11	0.38225195879919
		1	12	0.332056812512839
		1	13	0.332056812512839
		1	14	0.332056812512839
		1	15	0.345570326026352
		1	16	0.359083839539866
		1	17	0.372597353053379
		1	2	0.328197904745136
		1	3	0.328197904745136
		1	4	0.34171141825865
		1	5	0.355224931772163
		1	6	0.368738445285677
		1	7	0.418933591572028
		1	8	0.418933591572028
		1	9	0.418933591572028
Zybaylov_103012_Rim1_02.8484.8484.7	685.758850097656250	kLEDAEGQENAASSELEHHHHHH	KGALVYVEADAANYVFER	4793.26531	4793.25732421875	7.0000000000000	1.09450091339173
		1	1	1.08098739987821
		1	10	0.95938919855731
		1	11	0.95938919855731
		1	12	0.95938919855731
		1	13	0.900838446765656
		1	14	0.842287694974003
		1	15	0.78373694318235
		1	16	0.78373694318235
		1	17	0.78373694318235
		1	2	1.09450091339173
		1	3	1.03595016160007
		1	4	1.04946367511359
		1	5	0.990912923321935
		1	6	0.932362171530283
		1	7	0.932362171530283
		1	8	0.87381141973863
		1	9	0.945875685043796
Zybaylov_103012_Rim1_02.6250.6250.6	633.144592285156250	kLEDAEGQENAASSELEHHHHHH	DINLLKNGK	3792.83621	3792.82055664062	6.0000000000000	0.386884129735083
		1	1	0.333312701163654
		1	2	0.351169844020797
		1	3	0.351169844020797
		1	4	0.36902698687794
		1	5	0.386884129735083
		1	6	0.30951349343897
		1	7	0.327370636296113
		1	8	0.345227779153256
Zybaylov_103012_Rim1_02.6251.6251.4	949.216125488281250	kLEDAEGQENAASSELEHHHHHH	DINLLKNGK	3792.83621	3792.83325195312	4.0000000000000	0.859721575926788
		1	1	0.788293004498216
		1	2	0.806150147355359
		1	3	0.824007290212502
		1	4	0.841864433069645
		1	5	0.859721575926788
		1	6	0.811249418334109
		1	7	0.811249418334109
		1	8	0.829106561191252
Zybaylov_103012_Rim1_02.5960.5960.6	568.593078613281250	kLEDAEGQENAASSELEHHHHHH	MDFSK	3405.52264	3405.51147460938	6.0000000000000	1.11102686308492
		1	1	1.06936019641826
		1	2	1.09019352975159
		1	3	1.11102686308492
		1	4	1.02076112073946
Zybaylov_103012_Rim1_02.5988.5988.6	568.592468261718750	kLEDAEGQENAASSELEHHHHHH	MDFSK	3405.52264	3405.5078125	6.0000000000000	1.34015742345465
		1	1	1.34015742345465
		1	2	1.24989168110919
		1	3	1.27072501444252
		1	4	1.27072501444252
Zybaylov_103012_Rim1_02.5960.5960.6	568.593078613281250	mDFSk	KLEDAEGQENAASSELEHHHHHH	3405.52264	3405.51147460938	6.0000000000000	1.27072501444252
		1	1	1.04852686308492
		1	10	1.27072501444252
		1	11	1.27072501444252
		1	12	1.27072501444252
		1	13	1.18045927209705
		1	14	1.09019352975159
		1	15	1.09019352975159
		1	16	1.09019352975159
		1	17	1.09019352975159
		1	18	0.999927787406124
		1	19	0.999927787406124
		1	2	1.15962593876372
		1	20	0.999927787406124
		1	21	0.999927787406124
		1	22	0.999927787406124
		1	3	1.18045927209705
		1	4	1.27072501444252
		1	5	1.27072501444252
		1	6	1.27072501444252
		1	7	1.18045927209705
		1	8	1.27072501444252
		1	9	1.27072501444252
Zybaylov_103012_Rim1_02.5988.5988.6	568.592468261718750	mDFSk	KLEDAEGQENAASSELEHHHHHH	3405.52264	3405.5078125	6.0000000000000	1.47208983246678
		1	1	1.24989168110919
		1	10	1.36099075678798
		1	11	1.36099075678798
		1	12	1.27072501444252
		1	13	1.27072501444252
		1	14	1.27072501444252
		1	15	1.18045927209705
		1	16	1.18045927209705
		1	17	1.18045927209705
		1	18	1.18045927209705
		1	19	1.18045927209705
		1	2	1.36099075678798
		1	20	1.18045927209705
		1	21	1.18045927209705
		1	22	1.18045927209705
		1	3	1.38182409012132
		1	4	1.47208983246678
		1	5	1.47208983246678
		1	6	1.38182409012132
		1	7	1.47208983246678
		1	8	1.47208983246678
		1	9	1.36099075678798
Zybaylov_103012_Rim1_02.7199.7199.3	493.934539794921875	mDFSk	DINLLK	1478.78478	1478.78015136719	3.0000000000000	0.785714285714286
		1	1	0.785714285714286
		1	2	0.785714285714286
		1	3	0.666666666666667
		1	4	0.666666666666667
		1	5	0.666666666666667
