TITLE	m/z	Fragment1	Fragment2	Theoretical Mass	Actual Mass	Charge
CL_SITE_SEQ_1	CL_SITE_SEQ_2	SCORE
Zybaylov_103012_Rim1_02.9536.9536.4	1266.667358398437500	YLkYSIASQPRR	kGALVYVEADAANYVFERDDGSkGTTLSLVQk	5062.65627	5062.63818359375	4.0000000000000	0.133930510314875
		3	1	0.133930510314875
		3	23	0.133930510314875
Zybaylov_103012_Rim1_02.9674.9674.5	1013.544006347656250	YLkYSIASQPRR	kGALVYVEADAANYVFERDDGSkGTTLSLVQk	5062.65627	5062.6806640625	5.0000000000000	1.27489168110919
		3	1	1.27489168110919
		3	23	1.20407279029463
Zybaylov_103012_Rim1_02.9536.9536.4	1266.667358398437500	kGALVYVEADAANYVFERDDGSkGTTLSLVQk	YLkYSIASQPRR	5062.65627	5062.63818359375	4.0000000000000	0.146430510314875
		1	3	0.133930510314875
		23	3	0.146430510314875
Zybaylov_103012_Rim1_02.9674.9674.5	1013.544006347656250	kGALVYVEADAANYVFERDDGSkGTTLSLVQk	YLkYSIASQPRR	5062.65627	5062.6806640625	5.0000000000000	1.34155112651646
		1	3	1.34155112651646
		23	3	1.21657279029463
Zybaylov_103012_Rim1_02.9034.9034.5	982.318298339843750	kGALVYVEADAANYVFERDDGSkGTTLSLVQk	YLkYSIASQPR	4906.55515	4906.55224609375	5.0000000000000	1.25629916011199
		1	3	1.19219659600942
		23	3	1.25629916011199
Zybaylov_103012_Rim1_02.9042.9042.5	982.316406250000000	kGALVYVEADAANYVFERDDGSkGTTLSLVQk	YLkYSIASQPR	4906.55515	4906.54296875	5.0000000000000	1.03837266142292
		1	3	0.807625649913345
		23	3	1.03837266142292
Zybaylov_103012_Rim1_02.9052.9052.6	818.765808105468750	kGALVYVEADAANYVFERDDGSkGTTLSLVQk	YLkYSIASQPR	4906.55515	4906.5478515625	6.0000000000000	1.14520286184064
		1	3	0.999911122961383
		23	3	1.14520286184064
Zybaylov_103012_Rim1_02.9059.9059.6	818.765686035156250	kGALVYVEADAANYVFERDDGSkGTTLSLVQk	YLkYSIASQPR	4906.55515	4906.54736328125	6.0000000000000	1.0341065635693
		1	3	0.995645025107763
		23	3	1.0341065635693
Zybaylov_103012_Rim1_02.9034.9034.5	982.318298339843750	YLkYSIASQPR	kGALVYVEADAANYVFERDDGSkGTTLSLVQk	4906.55515	4906.55224609375	5.0000000000000	1.24347864729147
		3	1	1.17937608318891
		3	23	1.24347864729147
Zybaylov_103012_Rim1_02.9042.9042.5	982.316406250000000	YLkYSIASQPR	kGALVYVEADAANYVFERDDGSkGTTLSLVQk	4906.55515	4906.54296875	5.0000000000000	1.03837266142292
		3	1	0.807625649913345
		3	23	1.03837266142292
Zybaylov_103012_Rim1_02.9052.9052.6	818.765808105468750	YLkYSIASQPR	kGALVYVEADAANYVFERDDGSkGTTLSLVQk	4906.55515	4906.5478515625	6.0000000000000	1.08965471270497
		3	1	0.999911122961383
		3	23	1.08965471270497
Zybaylov_103012_Rim1_02.9059.9059.6	818.765686035156250	YLkYSIASQPR	kGALVYVEADAANYVFERDDGSkGTTLSLVQk	4906.55515	4906.54736328125	6.0000000000000	0.982824512287251
		3	1	0.982824512287251
		3	23	0.965737901613118
Zybaylov_103012_Rim1_02.9219.9219.4	870.207824707031250	YLkYSIASQPR	kGALVYVEADAANYVFER	3476.81381	3476.80004882812	4.0000000000000	0.888599348534202
		3	1	0.888599348534202
Zybaylov_103012_Rim1_02.9224.9224.4	870.209289550781250	YLkYSIASQPR	kGALVYVEADAANYVFER	3476.81381	3476.80590820312	4.0000000000000	1.1257546145494
		3	1	1.1257546145494
Zybaylov_103012_Rim1_02.7646.7646.3	971.187255859375000	YLkYSIASQPR	DDGSkGTTLSLVQk	2910.54962	2910.53833007812	3.0000000000000	0.714285714285714
		3	5	0.714285714285714
Zybaylov_103012_Rim1_02.7751.7751.4	728.642028808593750	YLkYSIASQPR	DDGSkGTTLSLVQk	2910.54962	2910.53686523437	4.0000000000000	0.840158213122383
		3	5	0.840158213122383
Zybaylov_103012_Rim1_02.7773.7773.3	971.187622070312500	YLkYSIASQPR	DDGSkGTTLSLVQk	2910.54962	2910.53930664062	3.0000000000000	0.531746031746032
		3	5	0.531746031746032
Zybaylov_103012_Rim1_02.7878.7878.4	728.643371582031250	YLkYSIASQPR	DDGSkGTTLSLVQk	2910.54962	2910.54223632812	4.0000000000000	0.816348689312859
		3	5	0.816348689312859
Zybaylov_103012_Rim1_02.7880.7880.4	728.643188476562500	YLkYSIASQPR	DDGSkGTTLSLVQk	2910.54962	2910.54150390625	4.0000000000000	1.0340468434931
		3	5	1.0340468434931
Zybaylov_103012_Rim1_02.7891.7891.3	971.186767578125000	YLkYSIASQPR	DDGSkGTTLSLVQk	2910.54962	2910.53686523437	3.0000000000000	0.571428571428571
		3	5	0.571428571428571
Zybaylov_103012_Rim1_02.7899.7899.3	971.187316894531250	YLkYSIASQPR	DDGSkGTTLSLVQk	2910.54962	2910.53857421875	3.0000000000000	0.642857142857143
		3	5	0.642857142857143
Zybaylov_103012_Rim1_02.7988.7988.4	728.641723632812500	YLkYSIASQPR	DDGSkGTTLSLVQk	2910.54962	2910.53564453125	4.0000000000000	0.880978232769764
		3	5	0.880978232769764
Zybaylov_103012_Rim1_02.7990.7990.4	728.641784667968750	YLkYSIASQPR	DDGSkGTTLSLVQk	2910.54962	2910.53588867188	4.0000000000000	0.928597280388811
		3	5	0.928597280388811
Zybaylov_103012_Rim1_02.9219.9219.4	870.207824707031250	kGALVYVEADAANYVFER	YLkYSIASQPR	3476.81381	3476.80004882812	4.0000000000000	0.962888165038002
		1	3	0.962888165038002
Zybaylov_103012_Rim1_02.9224.9224.4	870.209289550781250	kGALVYVEADAANYVFER	YLkYSIASQPR	3476.81381	3476.80590820312	4.0000000000000	1.2000434310532
		1	3	1.2000434310532
Zybaylov_103012_Rim1_02.9214.9214.4	900.968994140625000	kGALVYVEADAANYVFER	DDGSkGTTLSLVQk	3599.85173	3599.8447265625	4.0000000000000	0.979622304948038
		1	5	0.979622304948038
Zybaylov_103012_Rim1_02.9218.9218.4	900.968811035156250	kGALVYVEADAANYVFER	DDGSkGTTLSLVQk	3599.85173	3599.84399414062	4.0000000000000	0.864820846905537
		1	5	0.864820846905537
Zybaylov_103012_Rim1_02.9229.9229.3	1200.954345703125000	kGALVYVEADAANYVFER	DDGSkGTTLSLVQk	3599.85173	3599.83959960938	3.0000000000000	0.607142857142857
		1	5	0.607142857142857
Zybaylov_103012_Rim1_02.9232.9232.3	1200.956054687500000	kGALVYVEADAANYVFER	DDGSkGTTLSLVQk	3599.85173	3599.8447265625	3.0000000000000	0.416666666666667
		1	5	0.416666666666667
Zybaylov_103012_Rim1_02.9254.9254.5	720.975402832031250	kGALVYVEADAANYVFER	DDGSkGTTLSLVQk	3599.85173	3599.837890625	5.0000000000000	1.25584922010399
		1	5	1.25584922010399
Zybaylov_103012_Rim1_02.9345.9345.4	900.967651367187500	kGALVYVEADAANYVFER	DDGSkGTTLSLVQk	3599.85173	3599.83935546875	4.0000000000000	0.913293004498216
		1	5	0.913293004498216
Zybaylov_103012_Rim1_02.9347.9347.4	900.968383789062500	kGALVYVEADAANYVFER	DDGSkGTTLSLVQk	3599.85173	3599.84228515625	4.0000000000000	0.992380176826431
		1	5	0.992380176826431
Zybaylov_103012_Rim1_02.9362.9362.3	1200.955566406250000	kGALVYVEADAANYVFER	DDGSkGTTLSLVQk	3599.85173	3599.84326171875	3.0000000000000	0.56547619047619
		1	5	0.56547619047619
Zybaylov_103012_Rim1_02.9381.9381.3	1200.958007812500000	kGALVYVEADAANYVFER	DDGSkGTTLSLVQk	3599.85173	3599.8505859375	3.0000000000000	0.613095238095238
		1	5	0.613095238095238
Zybaylov_103012_Rim1_02.9469.9469.4	900.967895507812500	kGALVYVEADAANYVFER	DDGSkGTTLSLVQk	3599.85173	3599.84033203125	4.0000000000000	1.04595160539786
		1	5	1.04595160539786
Zybaylov_103012_Rim1_02.9496.9496.4	900.969421386718750	kGALVYVEADAANYVFER	DDGSkGTTLSLVQk	3599.85173	3599.84643554688	4.0000000000000	0.852062975027144
		1	5	0.852062975027144
Zybaylov_103012_Rim1_02.9668.9668.4	900.967224121093750	kGALVYVEADAANYVFER	DDGSkGTTLSLVQk	3599.85173	3599.83764648438	4.0000000000000	0.76787653172018
		1	5	0.76787653172018
Zybaylov_103012_Rim1_02.10119.10119.4	900.972045898437500	kGALVYVEADAANYVFER	DDGSkGTTLSLVQk	3599.85173	3599.85693359375	4.0000000000000	0.918392275476966
		1	5	0.918392275476966
Zybaylov_103012_Rim1_02.10203.10203.4	900.969177246093750	kGALVYVEADAANYVFER	DDGSkGTTLSLVQk	3599.85173	3599.84545898438	4.0000000000000	0.997479447805181
		1	5	0.997479447805181
Zybaylov_103012_Rim1_02.10313.10313.4	900.968200683593750	kGALVYVEADAANYVFER	DDGSkGTTLSLVQk	3599.85173	3599.84155273438	4.0000000000000	0.997479447805181
		1	5	0.997479447805181
Zybaylov_103012_Rim1_02.10326.10326.4	900.968078613281250	kGALVYVEADAANYVFER	DDGSkGTTLSLVQk	3599.85173	3599.84106445312	4.0000000000000	1.12503877772607
		1	5	1.12503877772607
Zybaylov_103012_Rim1_02.10489.10489.4	900.968872070312500	kGALVYVEADAANYVFER	DDGSkGTTLSLVQk	3599.85173	3599.84423828125	4.0000000000000	1.063808748255
		1	5	1.063808748255
Zybaylov_103012_Rim1_02.10690.10690.4	900.967102050781250	kGALVYVEADAANYVFER	DDGSkGTTLSLVQk	3599.85173	3599.83715820312	4.0000000000000	0.864820846905537
		1	5	0.864820846905537
Zybaylov_103012_Rim1_02.10841.10841.4	900.970520019531250	kGALVYVEADAANYVFER	DDGSkGTTLSLVQk	3599.85173	3599.85083007812	4.0000000000000	0.931150147355359
		1	5	0.931150147355359
Zybaylov_103012_Rim1_02.10847.10847.4	900.968505859375000	kGALVYVEADAANYVFER	DDGSkGTTLSLVQk	3599.85173	3599.8427734375	4.0000000000000	0.846963704048395
		1	5	0.846963704048395
Zybaylov_103012_Rim1_02.8802.8802.4	650.345825195312500	kGALVYVEADAANYVFER	NGkk	2597.36473	2597.35205078125	4.0000000000000	0.972252382675835
		1	3	0.972252382675835
Zybaylov_103012_Rim1_02.8322.8322.5	959.660217285156250	kGALVYVEADAANYVFER	kLEDAEGQENAASSELEHHHHHH	4793.26531	4793.26171875	5.0000000000000	0.355824628788234
		1	1	0.355824628788234
Zybaylov_103012_Rim1_02.8330.8330.5	959.657348632812500	kGALVYVEADAANYVFER	kLEDAEGQENAASSELEHHHHHH	4793.26531	4793.24755859375	5.0000000000000	0.990889503021219
		1	1	0.990889503021219
Zybaylov_103012_Rim1_02.8398.8398.6	799.882507324218750	kGALVYVEADAANYVFER	kLEDAEGQENAASSELEHHHHHH	4793.26531	4793.248046875	6.0000000000000	1.34221743407185
		1	1	1.34221743407185
Zybaylov_103012_Rim1_02.8444.8444.5	959.657836914062500	kGALVYVEADAANYVFER	kLEDAEGQENAASSELEHHHHHH	4793.26531	4793.25	5.0000000000000	0.612557965244274
		1	1	0.612557965244274
Zybaylov_103012_Rim1_02.8448.8448.6	799.883789062500000	kGALVYVEADAANYVFER	kLEDAEGQENAASSELEHHHHHH	4793.26531	4793.255859375	6.0000000000000	1.08098739987821
		1	1	1.08098739987821
Zybaylov_103012_Rim1_02.8455.8455.7	685.759399414062500	kGALVYVEADAANYVFER	kLEDAEGQENAASSELEHHHHHH	4793.26531	4793.26123046875	7.0000000000000	1.18007869221041
		1	1	1.18007869221041
Zybaylov_103012_Rim1_02.8462.8462.5	959.658325195312500	kGALVYVEADAANYVFER	kLEDAEGQENAASSELEHHHHHH	4793.26531	4793.25244140625	5.0000000000000	0.454915921120427
		1	1	0.454915921120427
Zybaylov_103012_Rim1_02.8475.8475.4	1199.321289062500000	kGALVYVEADAANYVFER	kLEDAEGQENAASSELEHHHHHH	4793.26531	4793.25390625	4.0000000000000	0.34171141825865
		1	1	0.34171141825865
Zybaylov_103012_Rim1_02.8484.8484.7	685.758850097656250	kGALVYVEADAANYVFER	kLEDAEGQENAASSELEHHHHHH	4793.26531	4793.25732421875	7.0000000000000	1.0674738863647
		1	1	1.0674738863647
Zybaylov_103012_Rim1_02.7646.7646.3	971.187255859375000	DDGSkGTTLSLVQk	YLkYSIASQPR	2910.54962	2910.53833007812	3.0000000000000	0.777777777777778
		5	3	0.777777777777778
Zybaylov_103012_Rim1_02.7751.7751.4	728.642028808593750	DDGSkGTTLSLVQk	YLkYSIASQPR	2910.54962	2910.53686523437	4.0000000000000	0.928597280388811
		5	3	0.928597280388811
Zybaylov_103012_Rim1_02.7773.7773.3	971.187622070312500	DDGSkGTTLSLVQk	YLkYSIASQPR	2910.54962	2910.53930664062	3.0000000000000	0.555555555555556
		5	3	0.555555555555556
Zybaylov_103012_Rim1_02.7878.7878.4	728.643371582031250	DDGSkGTTLSLVQk	YLkYSIASQPR	2910.54962	2910.54223632812	4.0000000000000	0.816348689312859
		5	3	0.816348689312859
Zybaylov_103012_Rim1_02.7880.7880.4	728.643188476562500	DDGSkGTTLSLVQk	YLkYSIASQPR	2910.54962	2910.54150390625	4.0000000000000	1.0340468434931
		5	3	1.0340468434931
Zybaylov_103012_Rim1_02.7891.7891.3	971.186767578125000	DDGSkGTTLSLVQk	YLkYSIASQPR	2910.54962	2910.53686523437	3.0000000000000	0.595238095238095
		5	3	0.595238095238095
Zybaylov_103012_Rim1_02.7899.7899.3	971.187316894531250	DDGSkGTTLSLVQk	YLkYSIASQPR	2910.54962	2910.53857421875	3.0000000000000	0.73015873015873
		5	3	0.73015873015873
Zybaylov_103012_Rim1_02.7988.7988.4	728.641723632812500	DDGSkGTTLSLVQk	YLkYSIASQPR	2910.54962	2910.53564453125	4.0000000000000	0.969417300036193
		5	3	0.969417300036193
Zybaylov_103012_Rim1_02.7990.7990.4	728.641784667968750	DDGSkGTTLSLVQk	YLkYSIASQPR	2910.54962	2910.53588867188	4.0000000000000	0.928597280388811
		5	3	0.928597280388811
Zybaylov_103012_Rim1_02.9214.9214.4	900.968994140625000	DDGSkGTTLSLVQk	kGALVYVEADAANYVFER	3599.85173	3599.8447265625	4.0000000000000	0.961765162090895
		5	1	0.961765162090895
Zybaylov_103012_Rim1_02.9218.9218.4	900.968811035156250	DDGSkGTTLSLVQk	kGALVYVEADAANYVFER	3599.85173	3599.84399414062	4.0000000000000	0.846963704048395
		5	1	0.846963704048395
Zybaylov_103012_Rim1_02.9229.9229.3	1200.954345703125000	DDGSkGTTLSLVQk	kGALVYVEADAANYVFER	3599.85173	3599.83959960938	3.0000000000000	0.589285714285714
		5	1	0.589285714285714
Zybaylov_103012_Rim1_02.9232.9232.3	1200.956054687500000	DDGSkGTTLSLVQk	kGALVYVEADAANYVFER	3599.85173	3599.8447265625	3.0000000000000	0.398809523809524
		5	1	0.398809523809524
Zybaylov_103012_Rim1_02.9254.9254.5	720.975402832031250	DDGSkGTTLSLVQk	kGALVYVEADAANYVFER	3599.85173	3599.837890625	5.0000000000000	1.23799207724684
		5	1	1.23799207724684
Zybaylov_103012_Rim1_02.9345.9345.4	900.967651367187500	DDGSkGTTLSLVQk	kGALVYVEADAANYVFER	3599.85173	3599.83935546875	4.0000000000000	0.895435861641073
		5	1	0.895435861641073
Zybaylov_103012_Rim1_02.9347.9347.4	900.968383789062500	DDGSkGTTLSLVQk	kGALVYVEADAANYVFER	3599.85173	3599.84228515625	4.0000000000000	0.974523033969288
		5	1	0.974523033969288
Zybaylov_103012_Rim1_02.9362.9362.3	1200.955566406250000	DDGSkGTTLSLVQk	kGALVYVEADAANYVFER	3599.85173	3599.84326171875	3.0000000000000	0.547619047619048
		5	1	0.547619047619048
Zybaylov_103012_Rim1_02.9381.9381.3	1200.958007812500000	DDGSkGTTLSLVQk	kGALVYVEADAANYVFER	3599.85173	3599.8505859375	3.0000000000000	0.595238095238095
		5	1	0.595238095238095
Zybaylov_103012_Rim1_02.9469.9469.4	900.967895507812500	DDGSkGTTLSLVQk	kGALVYVEADAANYVFER	3599.85173	3599.84033203125	4.0000000000000	1.02809446254072
		5	1	1.02809446254072
Zybaylov_103012_Rim1_02.9496.9496.4	900.969421386718750	DDGSkGTTLSLVQk	kGALVYVEADAANYVFER	3599.85173	3599.84643554688	4.0000000000000	0.834205832170002
		5	1	0.834205832170002
Zybaylov_103012_Rim1_02.9668.9668.4	900.967224121093750	DDGSkGTTLSLVQk	kGALVYVEADAANYVFER	3599.85173	3599.83764648438	4.0000000000000	0.750019388863037
		5	1	0.750019388863037
Zybaylov_103012_Rim1_02.10119.10119.4	900.972045898437500	DDGSkGTTLSLVQk	kGALVYVEADAANYVFER	3599.85173	3599.85693359375	4.0000000000000	0.900535132619823
		5	1	0.900535132619823
Zybaylov_103012_Rim1_02.10203.10203.4	900.969177246093750	DDGSkGTTLSLVQk	kGALVYVEADAANYVFER	3599.85173	3599.84545898438	4.0000000000000	0.979622304948038
		5	1	0.979622304948038
Zybaylov_103012_Rim1_02.10313.10313.4	900.968200683593750	DDGSkGTTLSLVQk	kGALVYVEADAANYVFER	3599.85173	3599.84155273438	4.0000000000000	0.979622304948038
		5	1	0.979622304948038
Zybaylov_103012_Rim1_02.10326.10326.4	900.968078613281250	DDGSkGTTLSLVQk	kGALVYVEADAANYVFER	3599.85173	3599.84106445312	4.0000000000000	1.10718163486893
		5	1	1.10718163486893
Zybaylov_103012_Rim1_02.10489.10489.4	900.968872070312500	DDGSkGTTLSLVQk	kGALVYVEADAANYVFER	3599.85173	3599.84423828125	4.0000000000000	1.04595160539786
		5	1	1.04595160539786
Zybaylov_103012_Rim1_02.10690.10690.4	900.967102050781250	DDGSkGTTLSLVQk	kGALVYVEADAANYVFER	3599.85173	3599.83715820312	4.0000000000000	0.846963704048395
		5	1	0.846963704048395
Zybaylov_103012_Rim1_02.10841.10841.4	900.970520019531250	DDGSkGTTLSLVQk	kGALVYVEADAANYVFER	3599.85173	3599.85083007812	4.0000000000000	0.913293004498216
		5	1	0.913293004498216
Zybaylov_103012_Rim1_02.10847.10847.4	900.968505859375000	DDGSkGTTLSLVQk	kGALVYVEADAANYVFER	3599.85173	3599.8427734375	4.0000000000000	0.829106561191252
		5	1	0.829106561191252
Zybaylov_103012_Rim1_02.6250.6250.6	633.144592285156250	DINLLkNGk	kLEDAEGQENAASSELEHHHHHH	3792.83621	3792.82055664062	6.0000000000000	0.30951349343897
		6	1	0.30951349343897
Zybaylov_103012_Rim1_02.6251.6251.4	949.216125488281250	DINLLkNGk	kLEDAEGQENAASSELEHHHHHH	3792.83621	3792.83325195312	4.0000000000000	0.76277726074143
		6	1	0.76277726074143
Zybaylov_103012_Rim1_02.8802.8802.4	650.345825195312500	NGkk	kGALVYVEADAANYVFER	2597.36473	2597.35205078125	4.0000000000000	0.89685124864278
		3	1	0.89685124864278
Zybaylov_103012_Rim1_02.8322.8322.5	959.660217285156250	kLEDAEGQENAASSELEHHHHHH	kGALVYVEADAANYVFER	4793.26531	4793.26171875	5.0000000000000	0.34231111527472
		1	1	0.34231111527472
Zybaylov_103012_Rim1_02.8330.8330.5	959.657348632812500	kLEDAEGQENAASSELEHHHHHH	kGALVYVEADAANYVFER	4793.26531	4793.24755859375	5.0000000000000	0.990889503021219
		1	1	0.990889503021219
Zybaylov_103012_Rim1_02.8398.8398.6	799.882507324218750	kLEDAEGQENAASSELEHHHHHH	kGALVYVEADAANYVFER	4793.26531	4793.248046875	6.0000000000000	1.35573094758537
		1	1	1.35573094758537
Zybaylov_103012_Rim1_02.8444.8444.5	959.657836914062500	kLEDAEGQENAASSELEHHHHHH	kGALVYVEADAANYVFER	4793.26531	4793.25	5.0000000000000	0.59904445173076
		1	1	0.59904445173076
Zybaylov_103012_Rim1_02.8448.8448.6	799.883789062500000	kLEDAEGQENAASSELEHHHHHH	kGALVYVEADAANYVFER	4793.26531	4793.255859375	6.0000000000000	1.09450091339173
		1	1	1.09450091339173
Zybaylov_103012_Rim1_02.8455.8455.7	685.759399414062500	kLEDAEGQENAASSELEHHHHHH	kGALVYVEADAANYVFER	4793.26531	4793.26123046875	7.0000000000000	1.19359220572392
		1	1	1.19359220572392
Zybaylov_103012_Rim1_02.8462.8462.5	959.658325195312500	kLEDAEGQENAASSELEHHHHHH	kGALVYVEADAANYVFER	4793.26531	4793.25244140625	5.0000000000000	0.441402407606914
		1	1	0.441402407606914
Zybaylov_103012_Rim1_02.8475.8475.4	1199.321289062500000	kLEDAEGQENAASSELEHHHHHH	kGALVYVEADAANYVFER	4793.26531	4793.25390625	4.0000000000000	0.328197904745136
		1	1	0.328197904745136
Zybaylov_103012_Rim1_02.8484.8484.7	685.758850097656250	kLEDAEGQENAASSELEHHHHHH	kGALVYVEADAANYVFER	4793.26531	4793.25732421875	7.0000000000000	1.08098739987821
		1	1	1.08098739987821
Zybaylov_103012_Rim1_02.6250.6250.6	633.144592285156250	kLEDAEGQENAASSELEHHHHHH	DINLLkNGk	3792.83621	3792.82055664062	6.0000000000000	0.30951349343897
		1	6	0.30951349343897
Zybaylov_103012_Rim1_02.6251.6251.4	949.216125488281250	kLEDAEGQENAASSELEHHHHHH	DINLLkNGk	3792.83621	3792.83325195312	4.0000000000000	0.811249418334109
		1	6	0.811249418334109
Zybaylov_103012_Rim1_02.5960.5960.6	568.593078613281250	kLEDAEGQENAASSELEHHHHHH	mDFSk	3405.52264	3405.51147460938	6.0000000000000	1.06936019641826
		1	1	1.06936019641826
Zybaylov_103012_Rim1_02.5988.5988.6	568.592468261718750	kLEDAEGQENAASSELEHHHHHH	mDFSk	3405.52264	3405.5078125	6.0000000000000	1.34015742345465
		1	1	1.34015742345465
Zybaylov_103012_Rim1_02.5960.5960.6	568.593078613281250	mDFSk	kLEDAEGQENAASSELEHHHHHH	3405.52264	3405.51147460938	6.0000000000000	1.04852686308492
		1	1	1.04852686308492
Zybaylov_103012_Rim1_02.5988.5988.6	568.592468261718750	mDFSk	kLEDAEGQENAASSELEHHHHHH	3405.52264	3405.5078125	6.0000000000000	1.24989168110919
		1	1	1.24989168110919
